0.000000000000000e+00 0.000000000000000e+00
5.000000000000000e-03 7.071067811865475e-01
1.000000000000000e-02 1.000000000000000e+00
1.500000000000000e-02 7.071067811865476e-01
2.000000000000000e-02 1.224646799147353e-16
2.500000000000000e-02 -7.071067811865477e-01
3.000000000000000e-02 -1.000000000000000e+00
3.500000000000000e-02 -7.071067811865470e-01
4.000000000000000e-02 -2.449293598294706e-16
4.500000000000000e-02 7.071067811865474e-01
5.000000000000000e-02 1.000000000000000e+00
5.500000000000000e-02 7.071067811865471e-01
6.000000000000000e-02 3.673940397442059e-16
6.500000000000000e-02 -7.071067811865479e-01
7.000000000000001e-02 -1.000000000000000e+00
7.500000000000000e-02 -7.071067811865472e-01
8.000000000000000e-02 -4.898587196589413e-16
8.500000000000001e-02 7.071067811865478e-01
9.000000000000000e-02 1.000000000000000e+00
9.500000000000000e-02 7.071067811865474e-01
1.000000000000000e-01 -1.164033439826574e-15
1.050000000000000e-01 -7.071067811865477e-01
1.100000000000000e-01 -1.000000000000000e+00
1.150000000000000e-01 -7.071067811865461e-01
1.200000000000000e-01 -7.347880794884119e-16
1.250000000000000e-01 7.071067811865476e-01
1.300000000000000e-01 1.000000000000000e+00
1.350000000000000e-01 7.071067811865462e-01
1.400000000000000e-01 -2.695460919397354e-15
1.450000000000000e-01 -7.071067811865476e-01
1.500000000000000e-01 -1.000000000000000e+00
1.550000000000000e-01 -7.071067811865464e-01
1.600000000000000e-01 -9.797174393178826e-16
1.650000000000000e-01 7.071067811865475e-01
1.700000000000000e-01 1.000000000000000e+00
1.750000000000000e-01 7.071067811865464e-01
1.800000000000000e-01 1.102182119232618e-15
1.850000000000000e-01 -7.071067811865474e-01
1.900000000000000e-01 -1.000000000000000e+00
1.950000000000000e-01 -7.071067811865465e-01
2.000000000000000e-01 2.328066879653148e-15
2.050000000000000e-01 7.071067811865498e-01
2.100000000000000e-01 1.000000000000000e+00
2.150000000000000e-01 7.071067811865491e-01
2.200000000000000e-01 -2.205602199738412e-15
2.250000000000000e-01 -7.071067811865471e-01
2.300000000000000e-01 -1.000000000000000e+00
2.350000000000000e-01 -7.071067811865467e-01
2.400000000000000e-01 -1.469576158976824e-15
2.450000000000000e-01 7.071067811865496e-01
2.500000000000000e-01 1.000000000000000e+00
2.550000000000000e-01 7.071067811865492e-01
2.600000000000000e-01 -1.960672839908942e-15
2.650000000000000e-01 -7.071067811865470e-01
2.700000000000000e-01 -1.000000000000000e+00
2.750000000000000e-01 -7.071067811865468e-01
2.800000000000000e-01 5.390921838794707e-15
2.850000000000000e-01 7.071067811865495e-01
2.900000000000000e-01 1.000000000000000e+00
2.950000000000000e-01 7.071067811865495e-01
3.000000000000000e-01 -1.715743480079471e-15
3.050000000000000e-01 -7.071067811865468e-01
3.100000000000000e-01 -1.000000000000000e+00
3.150000000000000e-01 -7.071067811865470e-01
3.200000000000000e-01 -1.959434878635765e-15
3.250000000000000e-01 7.071067811865492e-01
3.300000000000000e-01 1.000000000000000e+00
3.350000000000000e-01 7.071067811865446e-01
3.400000000000000e-01 -1.470814120250000e-15
3.450000000000000e-01 -7.071067811865517e-01
3.500000000000000e-01 -1.000000000000000e+00
3.550000000000000e-01 -7.071067811865471e-01
3.600000000000000e-01 -2.204364238465236e-15
3.650000000000000e-01 7.071067811865491e-01
3.700000000000000e-01 1.000000000000000e+00
3.750000000000000e-01 7.071067811865498e-01
3.800000000000000e-01 -1.225884760420530e-15
3.850000000000000e-01 -7.071067811865465e-01
3.900000000000000e-01 -1.000000000000000e+00
3.950000000000000e-01 -7.071067811865474e-01
4.000000000000000e-01 4.656133759306296e-15
4.050000000000000e-01 7.071067811865489e-01
4.100000000000000e-01 1.000000000000000e+00
4.150000000000000e-01 7.071067811865449e-01
4.200000000000000e-01 -9.809554005910593e-16
4.250000000000000e-01 -7.071067811865464e-01
4.300000000000000e-01 -1.000000000000000e+00
4.350000000000000e-01 -7.071067811865425e-01
4.400000000000000e-01 4.411204399476825e-15
4.450000000000000e-01 7.071067811865487e-01
4.500000000000000e-01 1.000000000000000e+00
4.550000000000000e-01 7.071067811865501e-01
4.600000000000000e-01 -7.841453398362591e-15
4.650000000000000e-01 -7.071067811865511e-01
4.700000000000000e-01 -1.000000000000000e+00
4.750000000000000e-01 -7.071067811865477e-01
4.800000000000000e-01 -2.939152317953648e-15
4.850000000000000e-01 7.071067811865436e-01
4.900000000000000e-01 1.000000000000000e+00
4.950000000000000e-01 7.071067811865452e-01
5.000000000000000e-01 -4.910966809321180e-16
5.050000000000000e-01 -7.071067811865460e-01
5.100000000000000e-01 -1.000000000000000e+00
5.150000000000000e-01 -7.071067811865428e-01
5.200000000000000e-01 3.921345679817883e-15
5.250000000000000e-01 7.071067811865483e-01
5.300000000000000e-01 1.000000000000000e+00
5.350000000000000e-01 7.071067811865405e-01
5.400000000000000e-01 -7.351594678703649e-15
5.450000000000000e-01 -7.071067811865508e-01
5.500000000000000e-01 -1.000000000000000e+00
5.550000000000000e-01 -7.071067811865380e-01
5.600000000000001e-01 1.078184367758941e-14
5.650000000000001e-01 7.071067811865532e-01
5.700000000000001e-01 1.000000000000000e+00
5.750000000000001e-01 7.071067811865356e-01
5.800000000000000e-01 -1.237961273176715e-18
5.850000000000000e-01 -7.071067811865456e-01
5.900000000000000e-01 -1.000000000000000e+00
5.950000000000000e-01 -7.071067811865532e-01
6.000000000000000e-01 3.431486960158942e-15
6.050000000000000e-01 7.071067811865480e-01
6.100000000000000e-01 1.000000000000000e+00
6.150000000000000e-01 7.071067811865508e-01
6.200000000000000e-01 -6.861735959044708e-15
6.250000000000000e-01 -7.071067811865505e-01
6.300000000000000e-01 -1.000000000000000e+00
6.350000000000000e-01 -7.071067811865483e-01
6.400000000000000e-01 -3.918869757271530e-15
6.450000000000000e-01 7.071067811865529e-01
6.500000000000000e-01 1.000000000000000e+00
6.550000000000000e-01 7.071067811865460e-01
6.600000000000000e-01 4.886207583857646e-16
6.650000000000000e-01 -7.071067811865553e-01
6.700000000000000e-01 -1.000000000000000e+00
6.750000000000000e-01 -7.071067811865436e-01
6.800000000000000e-01 2.941628240500001e-15
6.850000000000001e-01 7.071067811865578e-01
6.900000000000001e-01 1.000000000000000e+00
6.950000000000001e-01 7.071067811865411e-01
7.000000000000001e-01 -6.371877239385766e-15
7.050000000000000e-01 -7.071067811865400e-01
7.100000000000000e-01 -1.000000000000000e+00
7.150000000000000e-01 -7.071067811865487e-01
7.200000000000000e-01 -4.408728476930472e-15
7.250000000000000e-01 7.071067811865425e-01
7.300000000000000e-01 1.000000000000000e+00
7.350000000000000e-01 7.071067811865464e-01
7.400000000000000e-01 9.784794780447059e-16
7.450000000000000e-01 -7.071067811865449e-01
7.500000000000000e-01 -1.000000000000000e+00
7.550000000000000e-01 -7.071067811865439e-01
7.600000000000000e-01 2.451769520841060e-15
7.650000000000000e-01 7.071067811865474e-01
7.700000000000000e-01 1.000000000000000e+00
7.750000000000000e-01 7.071067811865415e-01
7.800000000000000e-01 -5.882018519726826e-15
7.850000000000000e-01 -7.071067811865498e-01
7.900000000000000e-01 -1.000000000000000e+00
7.950000000000000e-01 -7.071067811865390e-01
8.000000000000000e-01 9.312267518612591e-15
8.050000000000000e-01 7.071067811865522e-01
8.100000000000001e-01 1.000000000000000e+00
8.150000000000001e-01 7.071067811865366e-01
8.200000000000001e-01 -1.274251651749836e-14
8.250000000000001e-01 -7.071067811865547e-01
8.300000000000001e-01 -1.000000000000000e+00
8.350000000000000e-01 -7.071067811865442e-01
8.400000000000000e-01 1.961910801182119e-15
8.450000000000000e-01 7.071067811865470e-01
8.500000000000000e-01 1.000000000000000e+00
8.550000000000000e-01 7.071067811865519e-01
8.600000000000000e-01 8.818694915134120e-15
8.650000000000000e-01 -7.071067811865394e-01
8.700000000000000e-01 -1.000000000000000e+00
8.750000000000000e-01 -7.071067811865394e-01
8.800000000000000e-01 8.822408798953649e-15
8.850000000000000e-01 7.071067811865519e-01
8.900000000000000e-01 1.000000000000000e+00
8.950000000000000e-01 7.071067811865470e-01
9.000000000000000e-01 1.958196917362588e-15
9.050000000000000e-01 -7.071067811865442e-01
9.100000000000000e-01 -1.000000000000000e+00
9.150000000000000e-01 -7.071067811865346e-01
9.200000000000000e-01 1.568290679672518e-14
9.250000000000000e-01 7.071067811865567e-01
9.300000000000000e-01 1.000000000000000e+00
9.350000000000001e-01 7.071067811865421e-01
9.400000000000001e-01 -4.902301080408943e-15
9.450000000000001e-01 -7.071067811865491e-01
9.500000000000001e-01 -1.000000000000000e+00
9.550000000000001e-01 -7.071067811865297e-01
9.600000000000000e-01 -5.878304635907295e-15
9.650000000000000e-01 7.071067811865415e-01
9.700000000000000e-01 1.000000000000000e+00
9.750000000000000e-01 7.071067811865575e-01
9.800000000000000e-01 -1.176279907818047e-14
9.850000000000000e-01 -7.071067811865539e-01
9.900000000000000e-01 -1.000000000000000e+00
9.950000000000000e-01 -7.071067811865449e-01
1.000000000000000e+00 9.821933618642360e-16
1.005000000000000e+00 7.071067811865664e-01
1.010000000000000e+00 1.000000000000000e+00
1.015000000000000e+00 7.071067811865325e-01
1.020000000000000e+00 9.798412354452001e-15
1.025000000000000e+00 -7.071067811865387e-01
1.030000000000000e+00 -1.000000000000000e+00
1.035000000000000e+00 -7.071067811865601e-01
1.040000000000000e+00 7.842691359635767e-15
1.045000000000000e+00 7.071067811865310e-01
1.050000000000000e+00 1.000000000000000e+00
1.055000000000000e+00 7.071067811865477e-01
1.060000000000000e+00 2.937914356680471e-15
1.065000000000000e+00 -7.071067811865436e-01
1.070000000000000e+00 -1.000000000000000e+00
1.075000000000000e+00 -7.071067811865553e-01
1.080000000000000e+00 1.470318935740730e-14
1.085000000000000e+00 7.071067811865359e-01
1.090000000000000e+00 1.000000000000000e+00
1.095000000000000e+00 7.071067811865428e-01
1.100000000000000e+00 -3.922583641091060e-15
1.105000000000000e+00 -7.071067811865483e-01
1.110000000000000e+00 -1.000000000000000e+00
1.115000000000000e+00 -7.071067811865505e-01
1.120000000000000e+00 2.156368735517883e-14
1.125000000000000e+00 7.071067811865408e-01
1.130000000000000e+00 1.000000000000000e+00
1.135000000000000e+00 7.071067811865380e-01
1.140000000000000e+00 -1.078308163886259e-14
1.145000000000000e+00 -7.071067811865532e-01
1.150000000000000e+00 -1.000000000000000e+00
1.155000000000000e+00 -7.071067811865456e-01
1.160000000000000e+00 2.475922546353431e-18
1.165000000000000e+00 7.071067811865456e-01
1.170000000000000e+00 1.000000000000000e+00
1.175000000000000e+00 7.071067811865331e-01
1.180000000000000e+00 1.077812979376988e-14
1.185000000000000e+00 -7.071067811865581e-01
1.190000000000000e+00 -1.000000000000000e+00
1.195000000000000e+00 -7.071067811865408e-01
1.200000000000000e+00 6.862973920317885e-15
1.205000000000000e+00 7.071067811865505e-01
1.210000000000000e+00 1.000000000000000e+00
1.215000000000000e+00 7.071067811865283e-01
1.220000000000000e+00 3.917631795998353e-15
1.225000000000000e+00 -7.071067811865629e-01
1.230000000000000e+00 -1.000000000000000e+00
1.235000000000000e+00 -7.071067811865359e-01
1.240000000000000e+00 1.372347191808942e-14
1.245000000000000e+00 7.071067811865553e-01
1.250000000000000e+00 1.000000000000000e+00
1.255000000000000e+00 7.071067811865436e-01
1.260000000000000e+00 -2.942866201773178e-15
1.265000000000000e+00 -7.071067811865678e-01
1.270000000000000e+00 -1.000000000000000e+00
1.275000000000000e+00 -7.071067811865310e-01
1.280000000000000e+00 -7.837739514543061e-15
1.285000000000000e+00 7.071067811865400e-01
1.290000000000000e+00 1.000000000000000e+00
1.295000000000000e+00 7.071067811865588e-01
1.300000000000000e+00 -9.803364199544709e-15
1.305000000000000e+00 -7.071067811865325e-01
1.310000000000000e+00 -1.000000000000000e+00
1.315000000000000e+00 -7.071067811865464e-01
1.320000000000000e+00 -9.772415167715292e-16
1.325000000000000e+00 7.071067811865449e-01
1.330000000000000e+00 1.000000000000000e+00
1.335000000000000e+00 7.071067811865539e-01
1.340000000000000e+00 -1.666386219731624e-14
1.345000000000000e+00 -7.071067811865374e-01
1.350000000000000e+00 -1.000000000000000e+00
1.355000000000000e+00 -7.071067811865415e-01
1.360000000000000e+00 5.883256481000002e-15
1.365000000000000e+00 7.071067811865498e-01
1.370000000000000e+00 1.000000000000000e+00
1.375000000000000e+00 7.071067811865491e-01
1.380000000000000e+00 -2.352436019508777e-14
1.385000000000000e+00 -7.071067811865421e-01
1.390000000000000e+00 -1.000000000000000e+00
1.395000000000000e+00 -7.071067811865366e-01
1.400000000000000e+00 1.274375447877153e-14
1.405000000000000e+00 7.071067811865547e-01
1.410000000000000e+00 1.000000000000000e+00
1.415000000000000e+00 7.071067811865442e-01
1.420000000000000e+00 -1.963148762455295e-15
1.425000000000000e+00 -7.071067811865470e-01
1.430000000000000e+00 -1.000000000000000e+00
1.435000000000000e+00 -7.071067811865318e-01
1.440000000000000e+00 -8.817456953860943e-15
1.445000000000000e+00 7.071067811865595e-01
1.450000000000000e+00 1.000000000000000e+00
1.455000000000000e+00 7.071067811865394e-01
1.460000000000000e+00 -8.823646760226826e-15
1.465000000000000e+00 -7.071067811865519e-01
1.470000000000000e+00 -1.000000000000000e+00
1.475000000000000e+00 -7.071067811865269e-01
1.480000000000000e+00 -1.956958956089412e-15
1.485000000000000e+00 7.071067811865643e-01
1.490000000000000e+00 1.000000000000000e+00
1.495000000000000e+00 7.071067811865346e-01
1.500000000000000e+00 1.273756467240565e-14
1.505000000000000e+00 -7.071067811865567e-01
1.510000000000000e+00 -1.000000000000000e+00
1.515000000000000e+00 -7.071067811865421e-01
1.520000000000000e+00 4.903539041682120e-15
1.525000000000000e+00 7.071067811865692e-01
1.530000000000000e+00 1.000000000000000e+00
1.535000000000000e+00 7.071067811865297e-01
1.540000000000000e+00 5.877066674634119e-15
1.545000000000000e+00 -7.071067811865415e-01
1.550000000000000e+00 -1.000000000000000e+00
1.555000000000000e+00 -7.071067811865573e-01
1.560000000000000e+00 1.176403703945365e-14
1.565000000000000e+00 7.071067811865338e-01
1.570000000000000e+00 1.000000000000000e+00
1.575000000000000e+00 7.071067811865449e-01
1.580000000000000e+00 -9.834313231374127e-16
1.585000000000000e+00 -7.071067811865464e-01
1.590000000000000e+00 -1.000000000000000e+00
1.595000000000000e+00 -7.071067811865526e-01
1.600000000000000e+00 1.862453503722518e-14
1.605000000000000e+00 7.071067811865387e-01
1.610000000000000e+00 1.000000000000000e+00
1.615000000000000e+00 7.071067811865400e-01
1.620000000000000e+00 -7.843929320908943e-15
1.625000000000000e+00 -7.071067811865511e-01
1.630000000000000e+00 -1.000000000000000e+00
1.635000000000000e+00 -7.071067811865477e-01
1.640000000000000e+00 2.548503303499671e-14
1.645000000000000e+00 7.071067811865436e-01
1.650000000000000e+00 1.000000000000000e+00
1.655000000000000e+00 7.071067811865553e-01
1.660000000000000e+00 -1.470442731868048e-14
1.665000000000000e+00 -7.071067811865359e-01
1.670000000000000e+00 -1.000000000000000e+00
1.675000000000000e+00 -7.071067811865227e-01
1.680000000000000e+00 3.923821602364237e-15
1.685000000000000e+00 7.071067811865684e-01
1.690000000000000e+00 1.000000000000000e+00
1.695000000000000e+00 7.071067811865304e-01
1.700000000000000e+00 6.856784113952001e-15
1.705000000000000e+00 -7.071067811865609e-01
1.710000000000000e+00 -1.000000000000000e+00
1.715000000000000e+00 -7.071067811865380e-01
1.720000000000000e+00 -1.763738983026824e-14
1.725000000000000e+00 7.071067811865532e-01
1.730000000000000e+00 1.000000000000000e+00
1.735000000000000e+00 7.071067811865456e-01
1.740000000000000e+00 -2.842542331422354e-14
1.745000000000000e+00 -7.071067811865456e-01
1.750000000000000e+00 -1.000000000000000e+00
1.755000000000000e+00 -7.071067811865532e-01
1.760000000000000e+00 1.764481759790730e-14
1.765000000000000e+00 7.071067811865782e-01
1.770000000000000e+00 1.000000000000000e+00
1.775000000000000e+00 7.071067811865207e-01
1.780000000000000e+00 -6.864211881591061e-15
1.785000000000000e+00 -7.071067811865706e-01
1.790000000000000e+00 -1.000000000000000e+00
1.795000000000000e+00 -7.071067811865684e-01
1.800000000000000e+00 -3.916393834725176e-15
1.805000000000000e+00 7.071067811865227e-01
1.810000000000000e+00 1.000000000000000e+00
1.815000000000000e+00 7.071067811865359e-01
1.820000000000000e+00 1.469699955104142e-14
1.825000000000000e+00 -7.071067811865553e-01
1.830000000000000e+00 -1.000000000000000e+00
1.835000000000000e+00 -7.071067811865436e-01
1.840000000000000e+00 3.136581359345036e-14
1.845000000000000e+00 7.071067811865477e-01
1.850000000000000e+00 1.000000000000000e+00
1.855000000000000e+00 7.071067811865511e-01
1.860000000000000e+00 -2.058520787713412e-14
1.865000000000000e+00 -7.071067811865400e-01
1.870000000000000e+00 -1.000000000000000e+00
1.875000000000000e+00 -7.071067811865588e-01
1.880000000000000e+00 9.804602160817886e-15
1.885000000000000e+00 7.071067811865325e-01
1.890000000000000e+00 1.000000000000000e+00
1.895000000000000e+00 7.071067811865263e-01
1.900000000000000e+00 9.760035554983525e-16
1.905000000000000e+00 -7.071067811865650e-01
1.910000000000000e+00 -1.000000000000000e+00
1.915000000000000e+00 -7.071067811865338e-01
1.920000000000000e+00 -1.175660927181459e-14
1.925000000000000e+00 7.071067811865575e-01
1.930000000000000e+00 1.000000000000000e+00
1.935000000000000e+00 7.071067811865415e-01
1.940000000000000e+00 2.253721498813083e-14
1.945000000000000e+00 -7.071067811865498e-01
1.950000000000000e+00 -1.000000000000000e+00
1.955000000000000e+00 -7.071067811865491e-01
1.960000000000000e+00 2.352559815636095e-14
1.965000000000000e+00 7.071067811865421e-01
1.970000000000000e+00 1.000000000000000e+00
1.975000000000000e+00 7.071067811865165e-01
1.980000000000000e+00 -1.274499244004471e-14
1.985000000000000e+00 -7.071067811865748e-01
1.990000000000000e+00 -1.000000000000000e+00
1.995000000000000e+00 -7.071067811865241e-01
2.000000000000000e+00 1.964386723728472e-15
2.005000000000000e+00 7.071067811865269e-01
2.010000000000000e+00 1.000000000000000e+00
2.015000000000000e+00 7.071067811865318e-01
2.020000000000000e+00 8.816218992587766e-15
2.025000000000000e+00 -7.071067811865193e-01
2.030000000000000e+00 -1.000000000000000e+00
2.035000000000000e+00 -7.071067811865394e-01
2.040000000000000e+00 -1.959682470890400e-14
2.045000000000000e+00 7.071067811865519e-01
2.050000000000000e+00 1.000000000000000e+00
2.055000000000000e+00 7.071067811865470e-01
2.060000000000000e+00 -2.646598843558777e-14
2.065000000000000e+00 -7.071067811865442e-01
2.070000000000000e+00 -1.000000000000000e+00
2.075000000000000e+00 -7.071067811865144e-01
2.080000000000000e+00 1.568538271927153e-14
2.085000000000000e+00 7.071067811865366e-01
2.090000000000000e+00 1.000000000000000e+00
2.095000000000000e+00 7.071067811865220e-01
2.100000000000000e+00 -4.904777002955296e-15
2.105000000000000e+00 -7.071067811865290e-01
2.110000000000000e+00 -1.000000000000000e+00
2.115000000000000e+00 -7.071067811865297e-01
2.120000000000000e+00 -5.875828713360942e-15
2.125000000000000e+00 7.071067811865616e-01
2.130000000000000e+00 1.000000000000000e+00
2.135000000000000e+00 7.071067811865372e-01
2.140000000000000e+00 -4.018698443113083e-14
2.145000000000000e+00 -7.071067811865539e-01
2.150000000000000e+00 -1.000000000000000e+00
2.155000000000000e+00 -7.071067811865047e-01
2.160000000000000e+00 2.940637871481460e-14
2.165000000000000e+00 7.071067811865464e-01
2.170000000000000e+00 1.000000000000000e+00
2.175000000000000e+00 7.071067811865124e-01
2.180000000000000e+00 -1.862577299849836e-14
2.185000000000000e+00 -7.071067811865387e-01
2.190000000000000e+00 -1.000000000000000e+00
2.195000000000000e+00 -7.071067811865601e-01
2.200000000000000e+00 7.845167282182120e-15
2.205000000000000e+00 7.071067811865712e-01
2.210000000000000e+00 1.000000000000000e+00
2.215000000000000e+00 7.071067811865678e-01
2.220000000000000e+00 -5.390798042667390e-14
2.225000000000000e+00 -7.071067811865637e-01
2.230000000000000e+00 -1.000000000000000e+00
2.235000000000000e+00 -7.071067811865754e-01
2.240000000000000e+00 4.312737471035766e-14
2.245000000000000e+00 7.071067811865560e-01
2.250000000000000e+00 1.000000000000000e+00
2.255000000000000e+00 7.071067811865428e-01
2.260000000000000e+00 -3.234676899404142e-14
2.265000000000000e+00 -7.071067811865483e-01
2.270000000000000e+00 -1.000000000000000e+00
2.275000000000000e+00 -7.071067811865505e-01
2.280000000000000e+00 2.156616327772518e-14
2.285000000000000e+00 7.071067811865810e-01
2.290000000000000e+00 1.000000000000000e+00
2.295000000000000e+00 7.071067811865581e-01
2.300000000000000e+00 -6.762897642221695e-14
2.305000000000000e+00 -7.071067811865733e-01
2.310000000000000e+00 -1.000000000000000e+00
2.315000000000000e+00 -7.071067811865657e-01
2.320000000000000e+00 4.951845092706862e-18
2.325000000000000e+00 7.071067811865657e-01
2.330000000000000e+00 1.000000000000000e+00
2.335000000000000e+00 7.071067811865331e-01
2.340000000000000e+00 1.077565387122353e-14
2.345000000000000e+00 -7.071067811865581e-01
2.350000000000000e+00 -1.000000000000000e+00
2.355000000000000e+00 -7.071067811865408e-01
2.360000000000000e+00 -2.155625958753977e-14
2.365000000000000e+00 7.071067811865906e-01
2.370000000000000e+00 1.000000000000000e+00
2.375000000000000e+00 7.071067811865483e-01
2.380000000000000e+00 3.233686530385601e-14
2.385000000000000e+00 -7.071067811865831e-01
2.390000000000000e+00 -1.000000000000000e+00
2.395000000000000e+00 -7.071067811865560e-01
2.400000000000000e+00 1.372594784063577e-14
2.405000000000000e+00 7.071067811865754e-01
2.410000000000000e+00 1.000000000000000e+00
2.415000000000000e+00 7.071067811865235e-01
2.420000000000000e+00 -2.945342124319531e-15
2.425000000000000e+00 -7.071067811865678e-01
2.430000000000000e+00 -1.000000000000000e+00
2.435000000000000e+00 -7.071067811865310e-01
2.440000000000000e+00 -7.835263591996707e-15
2.445000000000000e+00 7.071067811865199e-01
2.450000000000000e+00 1.000000000000000e+00
2.455000000000000e+00 7.071067811865387e-01
2.460000000000000e+00 1.861586930831295e-14
2.465000000000000e+00 -7.071067811865526e-01
2.470000000000000e+00 -1.000000000000000e+00
2.475000000000000e+00 -7.071067811865464e-01
2.480000000000000e+00 2.744694383617883e-14
2.485000000000000e+00 7.071067811865449e-01
2.490000000000000e+00 1.000000000000000e+00
2.495000000000000e+00 7.071067811865539e-01
2.500000000000000e+00 -1.666633811986259e-14
2.505000000000000e+00 -7.071067811865374e-01
2.510000000000000e+00 -1.000000000000000e+00
2.515000000000000e+00 -7.071067811865214e-01
2.520000000000000e+00 5.885732403546356e-15
2.525000000000000e+00 7.071067811865297e-01
2.530000000000000e+00 1.000000000000000e+00
2.535000000000000e+00 7.071067811865290e-01
2.540000000000000e+00 4.894873312769882e-15
2.545000000000000e+00 -7.071067811865220e-01
2.550000000000000e+00 -1.000000000000000e+00
2.555000000000000e+00 -7.071067811865366e-01
2.560000000000000e+00 -1.567547902908612e-14
2.565000000000000e+00 7.071067811865547e-01
2.570000000000000e+00 1.000000000000000e+00
2.575000000000000e+00 7.071067811865442e-01
2.580000000000000e+00 -3.038733411540566e-14
2.585000000000000e+00 -7.071067811865470e-01
2.590000000000000e+00 -1.000000000000000e+00
2.595000000000000e+00 -7.071067811865117e-01
2.600000000000000e+00 1.960672839908942e-14
2.605000000000000e+00 7.071067811865394e-01
2.610000000000000e+00 1.000000000000000e+00
2.615000000000000e+00 7.071067811865193e-01
2.620000000000000e+00 -8.826122682773180e-15
2.625000000000000e+00 -7.071067811865318e-01
2.630000000000000e+00 -1.000000000000000e+00
2.635000000000000e+00 -7.071067811865269e-01
2.640000000000000e+00 -1.954483033543058e-15
2.645000000000000e+00 7.071067811865643e-01
2.650000000000000e+00 1.000000000000000e+00
2.655000000000000e+00 7.071067811865345e-01
2.660000000000000e+00 -4.410833011094872e-14
2.665000000000000e+00 -7.071067811865567e-01
2.670000000000000e+00 -1.000000000000000e+00
2.675000000000000e+00 -7.071067811865019e-01
2.680000000000000e+00 3.332772439463248e-14
2.685000000000000e+00 7.071067811865491e-01
2.690000000000000e+00 1.000000000000000e+00
2.695000000000000e+00 7.071067811865498e-01
2.700000000000000e+00 -2.254711867831624e-14
2.705000000000000e+00 -7.071067811865415e-01
2.710000000000000e+00 -1.000000000000000e+00
2.715000000000000e+00 -7.071067811865573e-01
2.720000000000000e+00 1.176651296200000e-14
2.725000000000000e+00 7.071067811865740e-01
2.730000000000000e+00 1.000000000000000e+00
2.735000000000000e+00 7.071067811865650e-01
2.740000000000000e+00 -5.782932610649178e-14
2.745000000000000e+00 -7.071067811865664e-01
2.750000000000000e+00 -1.000000000000000e+00
2.755000000000000e+00 -7.071067811865727e-01
2.760000000000000e+00 4.704872039017554e-14
2.765000000000000e+00 7.071067811865588e-01
2.770000000000000e+00 1.000000000000000e+00
2.775000000000000e+00 7.071067811865400e-01
2.780000000000000e+00 -3.626811467385930e-14
2.785000000000000e+00 -7.071067811865511e-01
2.790000000000000e+00 -1.000000000000000e+00
2.795000000000000e+00 -7.071067811865477e-01
2.800000000000000e+00 2.548750895754307e-14
2.805000000000000e+00 7.071067811865838e-01
2.810000000000000e+00 1.000000000000000e+00
2.815000000000000e+00 7.071067811865553e-01
2.820000000000000e+00 4.213651561958119e-14
2.825000000000000e+00 -7.071067811865761e-01
2.830000000000000e+00 -1.000000000000000e+00
2.835000000000000e+00 -7.071067811865629e-01
2.840000000000000e+00 3.926297524910590e-15
2.845000000000000e+00 7.071067811865684e-01
2.850000000000000e+00 1.000000000000000e+00
2.855000000000000e+00 7.071067811865304e-01
2.860000000000000e+00 6.854308191405648e-15
2.865000000000000e+00 -7.071067811865609e-01
2.870000000000000e+00 -1.000000000000000e+00
2.875000000000000e+00 -7.071067811865380e-01
2.880000000000000e+00 -1.763491390772189e-14
2.885000000000000e+00 7.071067811865934e-01
2.890000000000000e+00 1.000000000000000e+00
2.895000000000000e+00 7.071067811865456e-01
2.900000000000000e+00 2.841551962403812e-14
2.905000000000000e+00 -7.071067811865858e-01
2.910000000000000e+00 -1.000000000000000e+00
2.915000000000000e+00 -7.071067811865532e-01
2.920000000000000e+00 1.764729352045365e-14
2.925000000000000e+00 7.071067811865782e-01
2.930000000000000e+00 1.000000000000000e+00
2.935000000000000e+00 7.071067811865207e-01
2.940000000000000e+00 -6.866687804137414e-15
2.945000000000000e+00 -7.071067811865304e-01
2.950000000000000e+00 -1.000000000000000e+00
2.955000000000000e+00 -7.071067811865283e-01
2.960000000000000e+00 -3.913917912178823e-15
2.965000000000000e+00 7.071067811865227e-01
2.970000000000000e+00 1.000000000000000e+00
2.975000000000000e+00 7.071067811865359e-01
2.980000000000000e+00 1.469452362849506e-14
2.985000000000000e+00 -7.071067811865553e-01
2.990000000000000e+00 -1.000000000000000e+00
2.995000000000000e+00 -7.071067811865436e-01
3.000000000000000e+00 -2.547512934481130e-14
3.005000000000000e+00 7.071067811865477e-01
3.010000000000000e+00 1.000000000000000e+00
3.015000000000000e+00 7.071067811865511e-01
3.020000000000000e+00 -2.058768379968048e-14
3.025000000000000e+00 -7.071067811865401e-01
3.030000000000000e+00 -1.000000000000000e+00
3.035000000000000e+00 -7.071067811865186e-01
3.040000000000000e+00 9.807078083364240e-15
3.045000000000000e+00 7.071067811865325e-01
3.050000000000000e+00 1.000000000000000e+00
3.055000000000000e+00 7.071067811865263e-01
3.060000000000000e+00 9.735276329519991e-16
3.065000000000000e+00 -7.071067811865248e-01
3.070000000000000e+00 -1.000000000000000e+00
3.075000000000000e+00 -7.071067811865338e-01
3.080000000000000e+00 -1.175413334926824e-14
3.085000000000000e+00 7.071067811865575e-01
3.090000000000000e+00 1.000000000000000e+00
3.095000000000000e+00 7.071067811865415e-01
3.100000000000000e+00 -3.430867979522354e-14
3.105000000000000e+00 -7.071067811865498e-01
3.110000000000000e+00 -1.000000000000000e+00
3.115000000000000e+00 -7.071067811865089e-01
3.120000000000000e+00 2.352807407890730e-14
3.125000000000000e+00 7.071067811865421e-01
3.130000000000000e+00 1.000000000000000e+00
3.135000000000000e+00 7.071067811865165e-01
3.140000000000000e+00 -1.274746836259106e-14
3.145000000000000e+00 -7.071067811865346e-01
3.150000000000000e+00 -1.000000000000000e+00
3.155000000000000e+00 -7.071067811865241e-01
3.160000000000000e+00 1.966862646274825e-15
3.165000000000000e+00 7.071067811865671e-01
3.170000000000000e+00 1.000000000000000e+00
3.175000000000000e+00 7.071067811865318e-01
3.180000000000000e+00 -4.802967579076660e-14
3.185000000000000e+00 -7.071067811865595e-01
3.190000000000000e+00 -1.000000000000000e+00
3.195000000000000e+00 -7.071067811864992e-01
3.200000000000000e+00 3.724907007445037e-14
3.205000000000000e+00 7.071067811865519e-01
3.210000000000000e+00 1.000000000000000e+00
3.215000000000000e+00 7.071067811865470e-01
3.220000000000000e+00 -2.646846435813412e-14
3.225000000000000e+00 -7.071067811865442e-01
3.230000000000000e+00 -1.000000000000000e+00
3.235000000000000e+00 -7.071067811865547e-01
3.240000000000000e+00 1.568785864181789e-14
3.245000000000000e+00 7.071067811865768e-01
3.250000000000000e+00 1.000000000000000e+00
3.255000000000000e+00 7.071067811865622e-01
3.260000000000000e+00 -6.175067178630967e-14
3.265000000000000e+00 -7.071067811865692e-01
3.270000000000000e+00 -1.000000000000000e+00
3.275000000000000e+00 -7.071067811865699e-01
3.280000000000000e+00 5.097006606999343e-14
3.285000000000000e+00 7.071067811865616e-01
3.290000000000000e+00 1.000000000000000e+00
3.295000000000000e+00 7.071067811865774e-01
3.300000000000000e+00 -4.018946035367719e-14
3.305000000000000e+00 -7.071067811865539e-01
3.310000000000000e+00 -1.000000000000000e+00
3.315000000000000e+00 -7.071067811865851e-01
3.320000000000000e+00 2.940885463736095e-14
3.325000000000000e+00 7.071067811865464e-01
3.330000000000000e+00 1.000000000000000e+00
3.335000000000000e+00 7.071067811865124e-01
3.340000000000000e+00 -1.862824892104471e-14
3.345000000000000e+00 -7.071067811865387e-01
3.350000000000000e+00 -1.000000000000000e+00
3.355000000000000e+00 -7.071067811865199e-01
3.360000000000000e+00 7.847643204728474e-15
3.365000000000000e+00 7.071067811866114e-01
3.370000000000000e+00 1.000000000000000e+00
3.375000000000000e+00 7.071067811865276e-01
3.380000000000000e+00 2.932962511587764e-15
3.385000000000000e+00 -7.071067811866039e-01
3.390000000000000e+00 -1.000000000000000e+00
3.395000000000000e+00 -7.071067811865352e-01
3.400000000000000e+00 -1.371356822790400e-14
3.405000000000000e+00 7.071067811865962e-01
3.410000000000000e+00 1.000000000000000e+00
3.415000000000000e+00 7.071067811865428e-01
3.420000000000000e+00 2.449417394422024e-14
3.425000000000000e+00 -7.071067811865885e-01
3.430000000000000e+00 -1.000000000000000e+00
3.435000000000000e+00 -7.071067811865505e-01
3.440000000000000e+00 -3.527477966053648e-14
3.445000000000000e+00 7.071067811865810e-01
3.450000000000000e+00 1.000000000000000e+00
3.455000000000000e+00 7.071067811865581e-01
3.460000000000000e+00 4.605538537685272e-14
3.465000000000000e+00 -7.071067811865733e-01
3.470000000000000e+00 -1.000000000000000e+00
3.475000000000000e+00 -7.071067811865657e-01
3.480000000000000e+00 5.685084662844708e-14
3.485000000000000e+00 7.071067811865657e-01
3.490000000000000e+00 1.000000000000000e+00
3.495000000000000e+00 7.071067811865733e-01
3.500000000000000e+00 -4.607024091213084e-14
3.505000000000000e+00 -7.071067811865581e-01
3.510000000000000e+00 -1.000000000000000e+00
3.515000000000000e+00 -7.071067811865006e-01
3.520000000000000e+00 3.528963519581460e-14
3.525000000000000e+00 7.071067811865505e-01
3.530000000000000e+00 1.000000000000000e+00
3.535000000000000e+00 7.071067811865082e-01
3.540000000000000e+00 -2.450902947949836e-14
3.545000000000000e+00 -7.071067811865428e-01
3.550000000000000e+00 -1.000000000000000e+00
3.555000000000000e+00 -7.071067811865158e-01
3.560000000000000e+00 1.372842376318212e-14
3.565000000000000e+00 7.071067811865352e-01
3.570000000000000e+00 1.000000000000000e+00
3.575000000000000e+00 7.071067811865235e-01
3.580000000000000e+00 -2.947818046865885e-15
3.585000000000000e+00 -7.071067811865276e-01
3.590000000000000e+00 -1.000000000000000e+00
3.595000000000000e+00 -7.071067811865310e-01
3.600000000000000e+00 -7.832787669450353e-15
3.605000000000000e+00 7.071067811865199e-01
3.610000000000000e+00 1.000000000000000e+00
3.615000000000000e+00 7.071067811865387e-01
3.620000000000000e+00 1.861339338576659e-14
3.625000000000000e+00 -7.071067811865124e-01
3.630000000000000e+00 -1.000000000000000e+00
3.635000000000000e+00 -7.071067811865464e-01
3.640000000000000e+00 -2.939399910208283e-14
3.645000000000000e+00 7.071067811865851e-01
3.650000000000000e+00 1.000000000000000e+00
3.655000000000000e+00 7.071067811865539e-01
3.660000000000000e+00 -7.351223290321697e-14
3.665000000000000e+00 -7.071067811865775e-01
3.670000000000000e+00 -1.000000000000000e+00
3.675000000000000e+00 -7.071067811864812e-01
3.680000000000000e+00 6.273162718690073e-14
3.685000000000000e+00 7.071067811865699e-01
3.690000000000000e+00 1.000000000000000e+00
3.695000000000000e+00 7.071067811864888e-01
3.700000000000000e+00 -5.195102147058449e-14
3.705000000000000e+00 -7.071067811865622e-01
3.710000000000000e+00 -1.000000000000000e+00
3.715000000000000e+00 -7.071067811865768e-01
3.720000000000000e+00 4.117041575426825e-14
3.725000000000000e+00 7.071067811865547e-01
3.730000000000000e+00 1.000000000000000e+00
3.735000000000000e+00 7.071067811865844e-01
3.740000000000000e+00 -3.038981003795201e-14
3.745000000000000e+00 -7.071067811865470e-01
3.750000000000000e+00 -1.000000000000000e+00
3.755000000000000e+00 -7.071067811865921e-01
3.760000000000000e+00 1.960920432163577e-14
3.765000000000000e+00 7.071067811865394e-01
3.770000000000000e+00 1.000000000000000e+00
3.775000000000000e+00 7.071067811865193e-01
3.780000000000000e+00 -8.828598605319534e-15
3.785000000000000e+00 -7.071067811865318e-01
3.790000000000000e+00 -1.000000000000000e+00
3.795000000000000e+00 -7.071067811865269e-01
3.800000000000000e+00 -1.952007110996705e-15
3.805000000000000e+00 7.071067811866045e-01
3.810000000000000e+00 1.000000000000000e+00
3.815000000000000e+00 7.071067811865345e-01
3.820000000000000e+00 -1.009542248943031e-13
3.825000000000000e+00 -7.071067811865969e-01
3.830000000000000e+00 -1.000000000000000e+00
3.835000000000000e+00 -7.071067811865421e-01
3.840000000000000e+00 -2.351321854362918e-14
3.845000000000000e+00 7.071067811865893e-01
3.850000000000000e+00 1.000000000000000e+00
3.855000000000000e+00 7.071067811865498e-01
3.860000000000000e+00 3.429382425994542e-14
3.865000000000000e+00 -7.071067811865817e-01
3.870000000000000e+00 -1.000000000000000e+00
3.875000000000000e+00 -7.071067811865573e-01
3.880000000000000e+00 -4.507442997626166e-14
3.885000000000000e+00 7.071067811865740e-01
3.890000000000000e+00 1.000000000000000e+00
3.895000000000000e+00 7.071067811865650e-01
3.900000000000000e+00 5.585503569257789e-14
3.905000000000000e+00 -7.071067811865664e-01
3.910000000000000e+00 -1.000000000000000e+00
3.915000000000000e+00 -7.071067811865727e-01
3.920000000000000e+00 4.705119631272190e-14
3.925000000000000e+00 7.071067811865588e-01
3.930000000000000e+00 1.000000000000000e+00
3.935000000000000e+00 7.071067811864998e-01
3.940000000000000e+00 -3.627059059640566e-14
3.945000000000000e+00 -7.071067811865511e-01
3.950000000000000e+00 -1.000000000000000e+00
3.955000000000000e+00 -7.071067811865075e-01
3.960000000000000e+00 2.548998488008942e-14
3.965000000000000e+00 7.071067811866240e-01
3.970000000000000e+00 1.000000000000000e+00
3.975000000000000e+00 7.071067811865152e-01
3.980000000000000e+00 -1.470937916377318e-14
3.985000000000000e+00 -7.071067811865359e-01
3.990000000000000e+00 -1.000000000000000e+00
3.995000000000000e+00 -7.071067811865227e-01
4.000000000000000e+00 3.928773447456944e-15
4.005000000000000e+00 7.071067811865283e-01
4.010000000000000e+00 1.000000000000000e+00
4.015000000000000e+00 7.071067811866107e-01
4.020000000000000e+00 -1.068350054527567e-13
4.025000000000000e+00 -7.071067811866011e-01
4.030000000000000e+00 -1.000000000000000e+00
4.035000000000000e+00 -7.071067811865380e-01
4.040000000000000e+00 -1.763243798517553e-14
4.045000000000000e+00 7.071067811865130e-01
4.050000000000000e+00 1.000000000000000e+00
4.055000000000000e+00 7.071067811865456e-01
4.060000000000000e+00 -8.527379402012426e-14
4.065000000000000e+00 -7.071067811865858e-01
4.070000000000000e+00 -1.000000000000000e+00
4.075000000000000e+00 -7.071067811865532e-01
4.080000000000000e+00 -3.919364941780801e-14
4.085000000000000e+00 7.071067811865782e-01
4.090000000000000e+00 1.000000000000000e+00
4.095000000000000e+00 7.071067811865609e-01
4.100000000000000e+00 4.997425513412425e-14
4.105000000000000e+00 -7.071067811865706e-01
4.110000000000000e+00 -1.000000000000000e+00
4.115000000000000e+00 -7.071067811864881e-01
4.120000000000000e+00 5.293197687117554e-14
4.125000000000000e+00 7.071067811865630e-01
4.130000000000000e+00 1.000000000000000e+00
4.135000000000000e+00 7.071067811865761e-01
4.140000000000000e+00 7.153546656675673e-14
4.145000000000000e+00 -7.071067811866357e-01
4.150000000000000e+00 -1.000000000000000e+00
4.155000000000000e+00 -7.071067811865034e-01
4.160000000000000e+00 3.137076543854307e-14
4.165000000000000e+00 7.071067811865477e-01
4.170000000000000e+00 1.000000000000000e+00
4.175000000000000e+00 7.071067811865913e-01
4.180000000000000e+00 9.309667799938920e-14
4.185000000000000e+00 -7.071067811866205e-01
4.190000000000000e+00 -1.000000000000000e+00
4.195000000000000e+00 -7.071067811865186e-01
4.200000000000000e+00 9.809554005910592e-15
4.205000000000000e+00 7.071067811865325e-01
4.210000000000000e+00 1.000000000000000e+00
4.215000000000000e+00 7.071067811865263e-01
4.220000000000000e+00 9.710517104056455e-16
4.225000000000000e+00 -7.071067811865248e-01
4.230000000000000e+00 -1.000000000000000e+00
4.235000000000000e+00 -7.071067811865338e-01
4.240000000000000e+00 -1.175165742672188e-14
4.245000000000000e+00 7.071067811865976e-01
4.250000000000000e+00 1.000000000000000e+00
4.255000000000000e+00 7.071067811865415e-01
4.260000000000000e+00 2.253226314303812e-14
4.265000000000000e+00 -7.071067811865096e-01
4.270000000000000e+00 -1.000000000000000e+00
4.275000000000000e+00 -7.071067811864686e-01
4.280000000000000e+00 8.037396886226167e-14
4.285000000000000e+00 7.071067811865823e-01
4.290000000000000e+00 1.000000000000000e+00
4.295000000000000e+00 7.071067811865567e-01
4.300000000000000e+00 4.409347457567060e-14
4.305000000000000e+00 -7.071067811864944e-01
4.310000000000000e+00 -1.000000000000000e+00
4.315000000000000e+00 -7.071067811864840e-01
4.320000000000000e+00 5.881275742962919e-14
4.325000000000000e+00 7.071067811865671e-01
4.330000000000000e+00 1.000000000000000e+00
4.335000000000000e+00 7.071067811865720e-01
4.340000000000000e+00 6.565468600830308e-14
4.345000000000000e+00 -7.071067811865595e-01
4.350000000000001e+00 -1.000000000000000e+00
4.355000000000000e+00 -7.071067811864992e-01
4.360000000000000e+00 3.725154599699672e-14
4.365000000000000e+00 7.071067811865519e-01
4.370000000000000e+00 1.000000000000000e+00
4.375000000000000e+00 7.071067811865068e-01
4.380000000000000e+00 -2.647094028068048e-14
4.385000000000000e+00 -7.071067811865442e-01
4.390000000000000e+00 -1.000000000000000e+00
4.395000000000000e+00 -7.071067811865144e-01
4.400000000000000e+00 1.569033456436424e-14
4.405000000000000e+00 7.071067811866170e-01
4.410000000000000e+00 1.000000000000000e+00
4.415000000000000e+00 7.071067811865220e-01
4.420000000000000e+00 -4.909728848048003e-15
4.425000000000000e+00 -7.071067811865290e-01
4.430000000000000e+00 -1.000000000000000e+00
4.435000000000000e+00 -7.071067811864493e-01
4.440000000000000e+00 1.078159608533478e-13
4.445000000000000e+00 7.071067811866018e-01
4.450000000000000e+00 1.000000000000000e+00
4.455000000000000e+00 7.071067811865372e-01
4.460000000000000e+00 1.665148258458447e-14
4.465000000000000e+00 -7.071067811865137e-01
4.470000000000000e+00 -1.000000000000000e+00
4.475000000000001e+00 -7.071067811864645e-01
4.480000000000000e+00 8.625474942071532e-14
4.485000000000000e+00 7.071067811865865e-01
4.490000000000000e+00 1.000000000000000e+00
4.495000000000000e+00 7.071067811865526e-01
4.500000000000000e+00 3.821269401721695e-14
4.505000000000000e+00 -7.071067811865789e-01
4.510000000000000e+00 -1.000000000000000e+00
4.515000000000000e+00 -7.071067811865601e-01
4.520000000000000e+00 6.469353798808284e-14
4.525000000000000e+00 7.071067811865712e-01
4.530000000000000e+00 1.000000000000000e+00
4.535000000000000e+00 7.071067811865678e-01
4.540000000000000e+00 -5.391293227176660e-14
4.545000000000000e+00 -7.071067811865637e-01
4.550000000000000e+00 -1.000000000000000e+00
4.555000000000000e+00 -7.071067811865754e-01
4.560000000000000e+00 4.313232655545037e-14
4.565000000000000e+00 7.071067811865560e-01
4.570000000000000e+00 1.000000000000000e+00
4.575000000000000e+00 7.071067811865026e-01
4.580000000000000e+00 -3.235172083913413e-14
4.585000000000000e+00 -7.071067811865483e-01
4.590000000000000e+00 -1.000000000000000e+00
4.595000000000000e+00 -7.071067811865906e-01
4.600000000000001e+00 1.352579528444339e-13
4.605000000000000e+00 7.071067811866212e-01
4.610000000000000e+00 1.000000000000000e+00
4.615000000000000e+00 7.071067811865179e-01
4.620000000000000e+00 -1.079050940650165e-14
4.625000000000000e+00 -7.071067811865331e-01
4.630000000000000e+00 -1.000000000000000e+00
4.635000000000000e+00 -7.071067811866059e-01
4.640000000000000e+00 9.903690185413723e-18
4.645000000000000e+00 7.071067811866060e-01
4.650000000000000e+00 1.000000000000000e+00
4.655000000000000e+00 7.071067811865331e-01
4.660000000000000e+00 1.077070202613082e-14
4.665000000000000e+00 -7.071067811865179e-01
4.670000000000000e+00 -1.000000000000000e+00
4.675000000000000e+00 -7.071067811865408e-01
4.680000000000000e+00 -2.155130774244706e-14
4.685000000000000e+00 7.071067811865906e-01
4.690000000000000e+00 1.000000000000000e+00
4.695000000000000e+00 7.071067811865483e-01
4.700000000000000e+00 -8.135492426285273e-14
4.705000000000000e+00 -7.071067811865831e-01
4.710000000000000e+00 -1.000000000000000e+00
4.715000000000000e+00 -7.071067811865560e-01
4.720000000000000e+00 -4.311251917507954e-14
4.725000000000001e+00 7.071067811865754e-01
4.730000000000000e+00 1.000000000000000e+00
4.735000000000000e+00 7.071067811864833e-01
4.740000000000000e+00 -5.979371283022026e-14
4.745000000000000e+00 -7.071067811865678e-01
4.750000000000000e+00 -1.000000000000000e+00
4.755000000000000e+00 -7.071067811865712e-01
4.760000000000000e+00 -6.467373060771201e-14
4.765000000000000e+00 7.071067811864797e-01
4.770000000000000e+00 1.000000000000000e+00
4.775000000000000e+00 7.071067811864985e-01
4.780000000000000e+00 -3.823250139758778e-14
4.785000000000000e+00 -7.071067811865526e-01
4.790000000000000e+00 -1.000000000000000e+00
4.795000000000000e+00 -7.071067811865865e-01
4.800000000000000e+00 2.745189568127154e-14
4.805000000000000e+00 7.071067811865449e-01
4.810000000000000e+00 1.000000000000000e+00
4.815000000000000e+00 7.071067811865137e-01
4.820000000000000e+00 -1.667128996495530e-14
4.825000000000000e+00 -7.071067811865374e-01
4.830000000000000e+00 -1.000000000000000e+00
4.835000000000000e+00 -7.071067811865214e-01
4.840000000000000e+00 5.890684248639062e-15
4.845000000000000e+00 7.071067811865297e-01
4.850000000000001e+00 1.000000000000000e+00
4.855000000000000e+00 7.071067811865290e-01
4.860000000000000e+00 -1.087969162539389e-13
4.865000000000000e+00 -7.071067811866024e-01
4.870000000000000e+00 -1.000000000000000e+00
4.875000000000000e+00 -7.071067811865366e-01
4.880000000000000e+00 -1.567052718399341e-14
4.885000000000000e+00 7.071067811865145e-01
4.890000000000000e+00 1.000000000000000e+00
4.895000000000000e+00 7.071067811864639e-01
4.900000000000000e+00 -8.723570482130638e-14
4.905000000000000e+00 -7.071067811865872e-01
4.910000000000000e+00 -1.000000000000000e+00
4.915000000000000e+00 -7.071067811865519e-01
4.920000000000000e+00 -3.723173861662589e-14
4.925000000000000e+00 7.071067811864992e-01
4.930000000000000e+00 1.000000000000000e+00
4.935000000000000e+00 7.071067811864791e-01
4.940000000000000e+00 -6.567449338867391e-14
4.945000000000000e+00 -7.071067811865720e-01
4.950000000000000e+00 -1.000000000000000e+00
4.955000000000000e+00 -7.071067811865671e-01
4.960000000000000e+00 5.489388767235766e-14
4.965000000000000e+00 7.071067811865643e-01
4.970000000000000e+00 1.000000000000000e+00
4.975000000000001e+00 7.071067811864943e-01
4.980000000000000e+00 -4.411328195604142e-14
4.985000000000000e+00 -7.071067811865567e-01
4.990000000000000e+00 -1.000000000000000e+00
4.995000000000000e+00 -7.071067811865019e-01
