20
1332100
0
0
0
0
0
0
0
0
0
0
0
0
0
0
0
0
0
0
0
0
0
0
0
0
0
0
0
0
0
0
0
0
0
0
0
0
0
0
0
0
0
0
0
0
0
0
0
0
0
0
0
0
0
0
0
0
0
0
0
0
0
0
0
0
0
0
0
0
0
0
0
0
0
0
0
0
0
0
0
0
0
0
0
0
0
0
0
0
0
0
0
0
0
0
0
0
0
0
0
0
0
0
0
0
0
0
0
0
0
0
0
0
0
0
0
0
0
0
0
0
0
0
0
0
0
0
0
0
0
0
0
0
0
0
0
0
0
0
0
0
0
0
0
0
0
0
0
0
0
0
0
0
0
0
0
0
0
0
0
0
0
0
0
0
0
0
0
0
0
0
0
0
0
0
0
0
0
0
0
0
0
0
0
0
0
0
0
0
0
0
0
0
0
0
0
0
0
0
0
0
0
0
0
0
0
0
0
0
0
0
0
0
0
0
0
0
0
0
0
0
0
0
0
0
0
0
0
0
0
0
0
0
0
0
0
0
0
0
0
0
0
0
0
0
0
0
0
0
0
0
-100
100
0
0
0
100
0
0
100
0
0
100
0
0
0
0
0
0
0
0
100
0
-100
0
0
0
0
0
100
0
0
0
-100
0
0
0
0
0
0
0
0
0
0
0
0
100
0
0
0
0
0
0
0
0
0
100
0
0
0
0
0
100
0
0
0
0
0
0
0
0
0
0
0
0
0
0
0
0
0
0
0
0
0
0
100
0
0
0
0
0
0
0
0
0
0
0
0
0
0
-100
0
0
0
0
0
0
0
0
0
0
0
0
0
0
0
0
0
0
0
0
0
0
0
0
0
0
0
0
0
0
0
0
0
0
0
0
0
0
0
0
0
0
0
0
0
0
0
0
0
0
0
0
0
0
0
0
0
0
0
0
0
0
0
0
0
0
0
0
0
0
0
0
0
0
0
0
0
0
0
0
0
0
0
0
0
0
0
0
0
0
0
0
0
0
0
0
0
0
0
0
0
0
0
0
0
0
0
0
0
0
0
0
0
0
0
0
0
0
0
0
0
0
0
0
0
0
0
0
0
0
0
0
0
0
0
0
0
0
0
0
0
0
0
0
0
0
0
0
0
0
0
0
0
0
0
0
0
0
0
0
0
0
0
0
0
0
0
0
0
0
0
0
0
0
0
0
0
0
0
0
0
0
0
0
0
0
0
0
0
0
0
0
0
0
0
0
0
0
0
0
0
0
0
0
0
0
0
0
0
0
0
0
0
0
0
0
0
0
0
0
0
0
0
0
0
0
0
0
0
0
0
0
0
0
0
0
0
0
0
0
0
0
0
0
0
0
0
0
0
0
0
0
0
0
0
0
0
0
0
0
0
0
0
0
0
0
0
-100
0
0
-100
100
0
0
100
-100
0
100
-200
100
0
-300
400
-200
-1100
300
1200
0
-100
100
-400
-200
100
100
200
100
100
0
-300
0
100
0
300
-100
-600
-100
300
200
0
-400
0
400
-100
-200
300
0
-300
-300
0
200
100
200
200
-200
-200
0
200
300
-300
-400
300
-100
0
400
-200
-200
100
-200
200
200
-100
0
-300
100
600
-400
-400
400
100
0
-200
-500
400
500
-300
-400
-300
200
500
0
0
100
-400
200
500
-500
-300
300
-100
-100
200
0
-100
0
0
100
0
100
-100
-500
200
0
-200
800
-900
0
4700
-400
-7000
100
4100
-1500
-900
1500
-100
900
400
-1700
0
0
-900
1200
600
-600
900
-300
-1500
500
600
-200
600
100
-600
0
-300
-200
300
-100
300
500
0
400
-200
-900
100
400
-300
0
300
400
100
-300
0
200
-500
-300
300
-100
-300
300
400
100
100
-300
-500
300
100
-300
300
300
-100
0
-300
-300
300
200
-200
200
200
-500
0
800
-500
-500
1000
100
-600
400
-200
-400
300
-100
0
0
-100
500
-400
-700
800
0
-500
800
-100
-700
600
400
-300
-200
-100
200
100
-200
-100
-100
200
300
-200
0
0
-200
300
200
-300
0
200
-100
-100
0
-100
-200
100
500
200
-300
-200
0
-100
-100
100
300
-100
-200
300
200
-300
-200
100
0
-100
0
-100
-100
300
100
-200
100
200
-100
0
100
-100
-200
0
400
0
-300
100
0
-200
200
-100
-400
0
200
200
-100
-100
200
100
200
-200
-400
500
-400
-400
2400
100
-3500
200
1600
-900
200
500
-600
800
300
-900
200
0
-100
600
-300
-100
700
-500
-600
400
-100
-100
400
0
-100
100
-300
-200
300
200
0
0
200
200
-100
-300
-100
100
-100
-100
200
200
-100
0
200
-100
-300
-100
0
0
0
200
100
-100
100
-100
-300
100
0
-200
300
200
-200
0
0
0
300
0
-300
0
100
-100
0
400
-200
-300
400
100
-200
200
-100
-100
100
-300
-100
200
0
100
0
0
200
-200
0
300
-300
-200
300
0
-200
-200
100
300
-200
0
300
-100
-100
0
0
0
-200
100
300
0
-100
-100
-100
200
100
-200
100
100
0
0
100
0
-100
-100
0
-100
-100
100
100
100
0
-100
100
100
0
0
0
0
-100
-200
200
200
-300
-200
200
0
0
100
-100
-100
200
100
0
0
0
0
-100
0
100
-200
-200
200
100
-200
-100
200
100
-100
-100
0
100
-100
0
100
-100
-100
100
100
-100
0
0
-100
0
100
100
-100
100
200
-100
-100
100
0
-100
-100
-100
200
300
-100
-200
0
0
0
100
0
200
-100
-300
200
300
-300
-100
200
0
-100
0
0
100
-100
100
200
-200
-100
300
0
-100
200
0
-200
0
100
300
0
-300
200
200
-100
0
-100
0
100
0
0
-100
-100
0
-100
100
100
-200
100
0
-200
200
100
0
200
-100
-100
100
0
0
0
-100
-100
100
0
0
100
-100
0
0
-300
200
300
-300
100
100
-200
300
-100
0
300
-400
100
200
-400
300
-100
-300
500
-200
-100
200
-200
100
-200
100
400
-500
200
300
-400
400
-300
-300
500
-400
200
300
-600
400
-100
-200
500
-600
200
300
-600
500
-100
-200
500
-600
-100
400
-400
200
600
-1400
-5000
-3700
-500
-1500
-100
-12300
-29400
-8000
3200
-29900
-20400
9200
-17200
-5600
41300
-4800
-47800
-34900
-74500
-28700
98200
44700
-300
87500
16500
-66700
3300
-5300
-15900
21800
-30300
-50400
-46700
-69200
-46100
-35800
29100
13100
-203600
-171400
-104800
-361300
-202500
235800
102900
-81100
110800
141300
-74500
-174300
-8000
107000
-68500
-51200
259200
299600
72700
-100100
-87800
125600
211200
60400
55300
153500
23800
-140900
-46000
127500
151400
66000
-42000
-75800
-87200
-190600
-97800
180800
78500
-144000
37900
102700
-100400
7600
178200
32000
-78300
-61300
-68800
-56700
-103200
-132400
-2600
51000
-23400
-33700
-22800
-34400
-52000
-54900
2400
-8700
-73600
-23100
23100
26200
77200
69700
-1900
-84900
-95700
63800
76900
-71200
85600
245800
82000
23200
-23700
-233500
-174100
-11300
28600
261700
300500
-74600
-128699
26400
-208800
-458400
-319500
47900
283600
68900
-293800
-326000
-122700
82000
181700
291900
726100
1205800
869100
-219000
-794400
-742700
-928300
-395300
962500
833900
145900
1081100
1332100
-141300
-752000
-381700
-68200
356500
193000
-328400
-66500
119800
-227600
-16500
187000
-584100
-980800
-184800
205800
-526800
-1062000
-646100
93900
337400
123200
139800
210200
-78100
114400
853100
756200
91000
109900
114000
-434500
-363700
250200
428500
468800
378200
19900
165900
407800
49400
-151200
-167400
-264500
142700
375600
-243800
-630700
-419300
-208100
-53300
-76000
-222600
-64200
166500
102000
-16400
10200
10400
-172600
-316900
-221300
-154600
-129500
89600
177100
-700
-61500
-42900
-78400
-17700
92900
110900
-28100
-197800
-145000
16700
144800
245300
98100
-120500
-25800
83800
-25300
-94000
-28400
22500
-43800
-38900
140300
223300
202500
122800
-97700
-87800
127500
8500
-188000
-93900
2700
-8600
-30900
-81500
-92800
14700
119700
24700
-99100
-1400
43600
-110400
-163500
-68900
38000
119200
153400
154700
64200
-77200
-85600
-41100
-43100
-27600
-79500
-167100
-105000
-3200
-30800
-108200
-142300
-117100
-37300
10800
-12400
33100
159100
139300
-4500
22300
175000
145200
24700
56500
54200
-25700
114300
267400
145000
44500
64400
63600
109100
44800
-153500
-125700
-12100
-130800
-237800
-172500
-113400
-97600
-51600
19400
28700
-57000
-99600
-32600
19000
-15600
-84900
-101500
-33900
42600
82000
88900
83000
127500
157000
117900
138800
103100
-65300
-16400
162800
103000
38600
87800
23600
-35400
-8400
-11100
-16900
-32800
-45800
-41700
-102300
-146800
-121900
-87300
-9700
23600
-26700
-25400
-16300
-32600
-25100
-23900
42700
122600
59800
-21100
-31900
-11400
43600
34800
3100
42200
5600
-54500
16800
76500
46400
-17600
-84800
-62900
16100
37300
15100
-27400
-24900
54900
47100
-52800
-60800
-2500
26900
16500
-42100
-57700
9700
38300
2500
-44500
-45700
48600
90900
-100
-38900
900
32500
79100
72000
-7300
-41300
-23800
-5700
-21000
-44900
-1900
13800
-67800
-106800
-68600
-27600
-26500
-71100
-50900
18700
-18700
-59800
16500
59700
21300
4000
-14700
-38800
21800
75800
-100
-39400
48900
78000
19200
-6600
6700
14500
-27700
-64500
-2800
47000
15900
20200
39700
5900
800
38400
34800
6300
21400
61100
66500
35900
29000
69900
81200
48700
51300
31700
-47000
-56700
-19000
-26200
-30200
-36900
-43300
-9000
-19100
-74000
-88800
-87700
-68100
-41700
-55900
-28300
66300
130300
126600
62000
-6600
-23000
3700
70600
63300
-84200
-148300
-69000
-9700
58100
107500
54600
26100
14800
-42300
-3000
70100
25000
-6100
24900
16400
16500
28500
-31200
-74100
-58000
-118800
-162600
-29200
68000
1500
-30200
29400
79000
21200
-87000
-11100
109300
24900
-19500
43900
36600
52000
47700
-27500
-30200
-34400
-36800
6600
-35300
-28600
27200
-49600
-44900
25700
-15400
19700
26100
-87100
-51100
13300
-25100
-32200
-42300
11400
86800
20400
23600
74900
-11800
-17600
27200
-17000
-3800
-9600
-40600
12400
-8000
-31900
6700
-77900
-92800
57700
78400
10800
24200
71700
80500
28700
47800
101400
5400
-42100
22600
-22400
-47900
300
-23300
-16300
4600
-44900
-56000
-42600
-6500
80900
74600
-15100
-63800
-56800
12100
43900
-10500
-33100
-53600
-84700
-33100
-9000
-59600
-48700
-14800
-11800
41200
91300
29700
-54200
-7600
85400
35400
-33400
66900
149000
100700
93200
87400
7500
-2000
27100
-23100
-47600
9600
41900
16100
-3700
-17500
-51200
-31700
3400
-52700
-67700
-14600
-38000
-33900
1900
-64200
-70200
7000
-18200
-68300
-52400
-5500
47400
32800
-17400
-14900
1800
7600
15700
32900
44900
20100
15000
5200
-64099
-37500
45400
-7000
-45300
2500
-3900
-4700
10900
-20000
100
44600
25500
15800
25600
12700
-7900
-34100
-22300
21000
-7200
-45400
-3900
-2000
-40600
8300
32700
-42600
-40200
38900
44300
19300
15700
8600
38600
63100
-800
-50000
-8000
27500
27800
34400
20600
600
16500
22500
3700
7300
19400
18400
22500
27100
31400
29300
-2300
-15500
14200
3000
-44400
-56400
-64099
-67400
-39100
-36300
-42700
-21400
-32299
-46200
-19900
-9200
100
13800
1300
22900
51300
12900
-16500
-15500
-22100
11100
37300
-12000
-30400
30600
58000
25600
8700
6700
1700
20700
21000
-22600
-15900
39900
28200
-40100
-65600
-43100
-29300
-14300
28300
36800
3300
10900
29900
7800
800
15700
20500
30900
31300
5900
-9000
6900
25700
10700
-16600
-16200
-22300
-46000
-25900
18500
11000
-12600
5100
16900
9400
19500
9000
-11300
9300
3200
-28600
-14900
-13800
-14900
19000
-19700
-83400
-53900
-19100
-3100
24600
2000
-13600
20500
6900
-23900
2200
22100
3200
2800
28500
22300
500
9900
400
-10800
29300
25800
-16600
5800
31600
27500
25300
-12100
-34700
-7200
-3100
4000
35700
28700
4600
-8400
-27400
-27200
-11300
-11100
-8900
-900
-7100
-8300
2500
-4600
-9100
10600
6900
-13000
4800
27500
8200
-30700
-43400
-19200
4100
7800
5700
-3200
-8200
7700
29300
18000
-12800
11000
39200
1100
15700
66000
14100
-24100
9400
3800
-4400
-3400
-19200
4700
10800
-22900
-9600
9100
-2200
-7700
-14000
-12600
-19700
-31900
2400
27000
8000
10400
13400
-10100
-17900
-5600
2200
-10400
-23300
-9900
-3100
-12100
-2200
11700
8100
800
-6900
-15100
-14400
-9300
-5800
6800
13400
-1300
600
12600
300
4600
15200
-10100
-8800
11900
-13500
-16000
18800
6100
-16000
-8400
-16600
-11000
22100
21900
10300
19800
10600
-10200
-11700
-1800
14300
26600
24800
11800
-5800
-6100
-800
-8500
2500
14500
-3400
-9500
-8500
-19100
-2400
15200
-4000
-10600
6000
5700
2500
10500
-400
-14400
1000
13000
12000
15400
1100
-6500
18200
28900
16300
-6000
-22400
-6100
-5600
-26100
-6700
1900
-18000
-5800
3500
-5300
-700
-8200
-21600
-16100
-5700
1800
-2100
-12900
-19200
-20100
-7800
1600
-500
500
-8500
-4800
28800
32500
10400
15200
21000
900
-18700
-13200
9600
21800
16700
7300
7900
13300
-2400
-20500
-9200
9700
15500
1600
-23100
-20700
3300
15000
12000
5100
10300
16800
5400
2500
11100
3400
-11600
-8900
16500
25200
-4700
-23700
-20500
-13000
6300
9900
-400
-6400
-29100
-28400
1500
-4300
-7800
9400
-100
500
10900
-3900
-5000
1500
-4600
-3700
-11800
-17000
-4200
-5300
-6300
-200
-10500
-6100
16600
16100
1100
-1800
8700
8100
-12200
-11100
5200
-6500
-9500
14100
11000
-1500
12000
8700
-9900
3400
22500
15200
1400
-3800
7200
20700
7800
-11100
-8600
0
2700
-300
-3000
-2700
-11600
-17400
-7300
-5300
-13100
-7700
-100
-8600
-6100
23500
26200
3000
18000
23000
-11500
-6200
9700
-6200
-4600
-6800
-5500
31600
26600
-2800
7900
-6600
-27500
-4500
-4200
-17400
-4300
300
3300
10100
-2300
-13800
-15300
-12800
-2700
6300
10900
6800
-3600
-2500
5100
10500
8100
-8600
-10400
5100
700
-4800
5900
7400
4700
2100
-14300
-18600
2200
6100
-10600
-3400
12100
-2100
-10100
6900
12600
8300
4100
-6900
-7000
4400
10100
14100
14800
9200
1300
-6000
-4600
-2400
-5500
-1900
-3300
-14200
-11200
5000
14100
4100
-10700
-5500
600
-6500
-3900
-5600
-18800
-14200
-3700
-3500
-3700
-9000
-5700
11000
3500
-15900
-9900
-100
-1000
-6300
-21200
-18900
3600
3100
-500
15100
13600
10700
21100
7400
-6400
4400
7000
6900
13800
12100
4400
-7200
-7900
6300
6300
4900
16600
12900
3600
8600
15100
12500
-900
-6300
-300
-4600
-3600
3000
-4100
600
9900
1400
3400
5300
-7600
-1500
8200
-300
-700
3600
-2500
-9700
-16600
-17800
-7400
-1800
-7400
-5900
4400
4100
-3800
-2700
800
-2300
-10400
-17500
-11900
1200
4000
600
-600
-4000
-5000
-1900
-5900
-8700
1300
4300
-1400
7200
12200
500
-1000
7300
13800
16100
4300
100
8300
-2100
-6800
5500
900
2000
9700
-6800
-7100
8500
-3200
-3500
12300
1600
-7300
600
1200
1100
-1500
-4100
7300
8200
-3900
-1000
4900
2400
1900
-1200
-5600
-7500
-12300
-11600
-400
6000
-300
-6500
-1900
3300
-800
-8700
-9700
6300
20800
8400
-3200
7200
14400
15700
10200
-7400
-6800
5100
-5700
-11700
800
100
-6900
-4900
-6100
-6700
-1700
-700
0
2700
-2000
-7500
-3800
1500
2100
-600
-3200
-2300
100
2500
3500
1200
4600
11900
10300
3200
-7200
-13500
-1200
8300
-900
-6000
-3800
500
6600
-900
-9400
800
7500
1300
500
2500
-1600
-700
5600
-600
-8200
800
3100
-6900
-5600
-1500
-5300
-7800
-8600
-7000
-4300
-1700
-900
-8800
-8900
3000
2500
5300
15900
4800
-2100
8300
1200
-2600
12600
9000
-5700
200
11100
6600
-4300
-6500
-1900
-200
-400
2400
7000
7300
2300
100
-2100
-8200
-5700
2000
800
-2300
-1000
3500
12400
12500
-3200
-11600
-1200
7700
4700
1000
-200
-2900
-4900
-5400
-4300
-3200
-5700
-4500
3100
3400
-3400
-6500
-10100
-11800
-5200
-400
300
5300
8700
4000
-1300
-2500
-1700
800
2100
-200
-1700
100
2700
4900
3300
-2500
-6700
-5800
100
6500
5200
400
1500
2400
-400
500
2100
300
2300
7100
4600
-1700
-4300
-5500
-300
10500
7200
-3400
2100
9000
3500
-1400
-4400
-2900
7500
7700
-4700
-11800
-11600
-6500
-4800
-12300
-10900
-1400
-1800
-500
6700
7200
6700
8000
6600
7000
7900
5200
500
-1700
2400
5600
6700
8600
-1400
-12800
-5200
600
-3100
1500
4200
-2500
-5700
-4600
-2600
-2100
-1400
3800
2800
-3200
900
3000
-2400
-900
-400
-8300
-10700
-4900
-1800
-5600
-7700
-2500
-700
-3800
-500
4200
3000
3000
5300
3100
-200
-900
-3100
-3500
2300
4900
2900
3800
500
-6100
-2500
7100
12200
8300
-1400
-1600
4900
3600
5300
9900
2900
100
6600
1900
-5000
-500
-100
-7300
-8300
-3600
-1500
-2700
-2900
200
2000
-1500
-4600
-3300
-1300
-300
-700
-2100
900
4700
1800
-2300
-5100
-6900
-1600
2700
-100
1800
3400
-1300
3200
10200
3500
-2700
-2500
-5400
-5200
-1800
-1800
2800
10700
7900
-2900
-6500
-300
3800
-300
-5400
-7000
-5300
400
3600
1100
300
-1300
-8700
-9700
-2200
2400
7700
12000
4000
-1900
5100
8300
4100
800
-1400
1900
7900
4700
-1600
-1000
-800
-5600
-6500
-3600
-6200
-9000
-4300
-600
-200
1500
700
-1600
-3500
-8400
-11000
-4500
6500
14100
12000
2400
-2100
2900
4000
-3200
-3100
5300
7800
3200
-2300
-2100
4100
3700
-2500
-3600
-2400
-2500
-4200
-3400
3000
1800
-3600
-800
-3200
-5700
5200
8000
3100
4000
-1100
-4500
0
-6100
-12600
-1700
10800
8600
-1000
-2500
300
-2300
100
5900
900
-2500
3200
2500
0
2600
-2000
-8700
-5700
-4800
-6900
-400
2500
-4000
-3400
4600
7400
2900
-2700
-400
4200
700
-2500
1800
6900
6300
1500
-1400
-4000
-5600
1400
6500
3600
2800
-900
-5200
-500
600
-1800
100
-3400
-6800
-4100
-3800
800
6000
700
-2700
-900
-1200
900
3100
1600
1200
4600
8800
6300
-1900
-6300
-4300
2100
4700
-1200
-1400
4900
3800
300
1300
900
-4000
-8800
-4000
4400
900
-5400
-3100
1400
2500
-2100
-5900
-1100
2100
-2300
-3600
700
3200
1300
-800
100
400
-400
200
100
-300
300
-100
-100
200
-200
0
100
-200
100
0
-100
100
-100
0
100
-100
100
0
-100
100
0
0
100
-100
0
0
0
0
0
0
0
0
0
0
0
0
0
0
0
0
0
0
0
0
0
0
0
0
0
0
0
0
0
0
0
0
0
0
0
0
0
0
0
0
0
0
0
0
0
0
0
0
0
0
0
0
0
0
0
0
0
0
0
0
0
0
0
0
0
0
0
0
0
0
0
0
0
0
0
0
0
0
0
0
0
0
0
0
0
0
0
0
0
0
0
0
0
0
0
0
0
0
0
0
0
0
0
0
0
0
0
0
0
0
0
0
0
0
0
0
0
0
0
0
0
0
0
0
0
0
0
0
0
0
0
0
0
0
0
0
0
0
0
0
0
0
0
0
0
0
0
0
0
0
0
0
0
0
0
0
0
0
0
0
0
0
0
0
0
0
0
0
0
0
0
0
0
0
0
0
0
0
0
0
0
0
0
0
0
0
0
0
0
0
0
0
0
0
0
0
0
0
0
0
0
0
0
0
0
0
0
0
0
0
0
0
0
0
0
0
0
0
