0	0.00E+00	0.00E+00
0.01	-8.58E-05	-8.58E-05
0.02	-4.94E-04	-4.94E-04
0.03	-1.44E-03	-1.44E-03
0.04	-2.96E-03	-2.96E-03
0.05	-5.05E-03	-5.05E-03
0.06	-7.68E-03	-7.68E-03
0.07	-1.08E-02	-1.08E-02
0.08	-1.46E-02	-1.46E-02
0.09	-1.89E-02	-1.89E-02
0.1	-2.39E-02	-2.39E-02
0.11	-2.96E-02	-2.96E-02
0.12	-3.60E-02	-3.60E-02
0.13	-4.31E-02	-4.31E-02
0.14	-5.08E-02	-5.07E-02
0.15	-5.89E-02	-5.88E-02
0.16	-6.72E-02	-6.71E-02
0.17	-7.56E-02	-7.54E-02
0.18	-8.39E-02	-8.37E-02
0.19	-9.20E-02	-9.17E-02
0.2	-9.98E-02	-9.95E-02
0.21	-1.07E-01	-1.07E-01
0.22	-1.14E-01	-1.14E-01
0.23	-1.21E-01	-1.21E-01
0.24	-1.28E-01	-1.27E-01
0.25	-1.35E-01	-1.34E-01
0.26	-1.41E-01	-1.40E-01
0.27	-1.47E-01	-1.46E-01
0.28	-1.53E-01	-1.52E-01
0.29	-1.59E-01	-1.58E-01
0.3	-1.64E-01	-1.63E-01
0.31	-1.70E-01	-1.68E-01
0.32	-1.75E-01	-1.73E-01
0.33	-1.79E-01	-1.78E-01
0.34	-1.83E-01	-1.81E-01
0.35	-1.86E-01	-1.84E-01
0.36	-1.88E-01	-1.86E-01
0.37	-1.88E-01	-1.86E-01
0.38	-1.88E-01	-1.86E-01
0.39	-1.86E-01	-1.84E-01
0.4	-1.83E-01	-1.80E-01
0.41	-1.78E-01	-1.76E-01
0.42	-1.73E-01	-1.71E-01
0.43	-1.68E-01	-1.65E-01
0.44	-1.62E-01	-1.59E-01
0.45	-1.55E-01	-1.52E-01
0.46	-1.48E-01	-1.45E-01
0.47	-1.41E-01	-1.38E-01
0.48	-1.33E-01	-1.30E-01
0.49	-1.24E-01	-1.21E-01
0.5	-1.14E-01	-1.11E-01
0.51	-1.03E-01	-9.99E-02
0.52	-9.13E-02	-8.85E-02
0.53	-7.96E-02	-7.69E-02
0.54	-6.79E-02	-6.52E-02
0.55	-5.62E-02	-5.36E-02
0.56	-4.45E-02	-4.20E-02
0.57	-3.29E-02	-3.05E-02
0.58	-2.16E-02	-1.92E-02
0.59	-1.09E-02	-8.67E-03
0.6	-1.29E-03	7.82E-04
0.61	6.73E-03	8.64E-03
0.62	1.27E-02	1.44E-02
0.63	1.62E-02	1.77E-02
0.64	1.70E-02	1.83E-02
0.65	1.52E-02	1.62E-02
0.66	1.10E-02	1.17E-02
0.67	4.77E-03	5.18E-03
0.68	-3.44E-03	-3.33E-03
0.69	-1.35E-02	-1.37E-02
0.7	-2.51E-02	-2.55E-02
0.71	-3.79E-02	-3.86E-02
0.72	-5.16E-02	-5.26E-02
0.73	-6.58E-02	-6.69E-02
0.74	-7.98E-02	-8.11E-02
0.75	-9.30E-02	-9.45E-02
0.76	-1.05E-01	-1.06E-01
0.77	-1.15E-01	-1.17E-01
0.78	-1.23E-01	-1.25E-01
0.79	-1.28E-01	-1.30E-01
0.8	-1.31E-01	-1.32E-01
0.81	-1.31E-01	-1.32E-01
0.82	-1.28E-01	-1.29E-01
0.83	-1.22E-01	-1.23E-01
0.84	-1.13E-01	-1.15E-01
0.85	-1.02E-01	-1.03E-01
0.86	-8.70E-02	-8.84E-02
0.87	-6.88E-02	-7.02E-02
0.88	-4.71E-02	-4.85E-02
0.89	-2.22E-02	-2.34E-02
0.9	5.82E-03	4.73E-03
0.91	3.65E-02	3.55E-02
0.92	6.94E-02	6.86E-02
0.93	1.04E-01	1.04E-01
0.94	1.41E-01	1.40E-01
0.95	1.78E-01	1.78E-01
0.96	2.15E-01	2.15E-01
0.97	2.53E-01	2.53E-01
0.98	2.91E-01	2.91E-01
0.99	3.28E-01	3.28E-01
1	3.64E-01	3.64E-01
1.01	3.99E-01	3.99E-01
1.02	4.33E-01	4.33E-01
1.03	4.65E-01	4.65E-01
1.04	4.96E-01	4.96E-01
1.05	5.26E-01	5.26E-01
1.06	5.56E-01	5.55E-01
1.07	5.85E-01	5.84E-01
1.08	6.13E-01	6.12E-01
1.09	6.41E-01	6.39E-01
1.1	6.68E-01	6.66E-01
1.11	6.94E-01	6.91E-01
1.12	7.18E-01	7.15E-01
1.13	7.39E-01	7.36E-01
1.14	7.58E-01	7.54E-01
1.15	7.74E-01	7.69E-01
1.16	7.85E-01	7.80E-01
1.17	7.89E-01	7.84E-01
1.18	7.86E-01	7.80E-01
1.19	7.73E-01	7.66E-01
1.2	7.49E-01	7.41E-01
1.21	7.13E-01	7.05E-01
1.22	6.66E-01	6.57E-01
1.23	6.09E-01	5.99E-01
1.24	5.41E-01	5.30E-01
1.25	4.63E-01	4.52E-01
1.26	3.78E-01	3.66E-01
1.27	2.86E-01	2.74E-01
1.28	1.90E-01	1.78E-01
1.29	9.14E-02	7.90E-02
1.3	-7.39E-03	-1.97E-02
1.31	-1.04E-01	-1.16E-01
1.32	-1.97E-01	-2.08E-01
1.33	-2.83E-01	-2.94E-01
1.34	-3.61E-01	-3.72E-01
1.35	-4.30E-01	-4.40E-01
1.36	-4.89E-01	-4.98E-01
1.37	-5.36E-01	-5.45E-01
1.38	-5.71E-01	-5.79E-01
1.39	-5.94E-01	-6.00E-01
1.4	-6.04E-01	-6.09E-01
1.41	-6.00E-01	-6.04E-01
1.42	-5.83E-01	-5.86E-01
1.43	-5.51E-01	-5.53E-01
1.44	-5.06E-01	-5.07E-01
1.45	-4.49E-01	-4.48E-01
1.46	-3.79E-01	-3.78E-01
1.47	-3.00E-01	-2.96E-01
1.48	-2.10E-01	-2.06E-01
1.49	-1.13E-01	-1.07E-01
1.5	-7.86E-03	-4.67E-04
1.51	1.04E-01	1.12E-01
1.52	2.21E-01	2.31E-01
1.53	3.42E-01	3.53E-01
1.54	4.66E-01	4.79E-01
1.55	5.92E-01	6.05E-01
1.56	7.16E-01	7.30E-01
1.57	8.40E-01	8.54E-01
1.58	9.60E-01	9.74E-01
1.59	1.08E+00	1.09E+00
1.6	1.19E+00	1.20E+00
1.61	1.30E+00	1.31E+00
1.62	1.40E+00	1.41E+00
1.63	1.49E+00	1.50E+00
1.64	1.56E+00	1.57E+00
1.65	1.61E+00	1.62E+00
1.66	1.64E+00	1.65E+00
1.67	1.64E+00	1.65E+00
1.68	1.62E+00	1.62E+00
1.69	1.57E+00	1.57E+00
1.7	1.50E+00	1.49E+00
1.71	1.39E+00	1.39E+00
1.72	1.26E+00	1.25E+00
1.73	1.10E+00	1.09E+00
1.74	9.19E-01	9.07E-01
1.75	7.12E-01	6.98E-01
1.76	4.85E-01	4.68E-01
1.77	2.41E-01	2.22E-01
1.78	-1.63E-02	-3.65E-02
1.79	-2.82E-01	-3.04E-01
1.8	-5.54E-01	-5.77E-01
1.81	-8.28E-01	-8.52E-01
1.82	-1.10E+00	-1.13E+00
1.83	-1.37E+00	-1.39E+00
1.84	-1.63E+00	-1.66E+00
1.85	-1.88E+00	-1.91E+00
1.86	-2.12E+00	-2.15E+00
1.87	-2.35E+00	-2.37E+00
1.88	-2.56E+00	-2.58E+00
1.89	-2.75E+00	-2.77E+00
1.9	-2.92E+00	-2.94E+00
1.91	-3.07E+00	-3.09E+00
1.92	-3.20E+00	-3.21E+00
1.93	-3.30E+00	-3.32E+00
1.94	-3.38E+00	-3.40E+00
1.95	-3.43E+00	-3.45E+00
1.96	-3.45E+00	-3.48E+00
1.97	-3.44E+00	-3.48E+00
1.98	-3.40E+00	-3.45E+00
1.99	-3.33E+00	-3.38E+00
2	-3.22E+00	-3.28E+00
2.01	-3.08E+00	-3.15E+00
2.02	-2.89E+00	-2.98E+00
2.03	-2.67E+00	-2.77E+00
2.04	-2.42E+00	-2.52E+00
2.05	-2.13E+00	-2.25E+00
2.06	-1.81E+00	-1.94E+00
2.07	-1.45E+00	-1.60E+00
2.08	-1.08E+00	-1.23E+00
2.09	-6.74E-01	-8.40E-01
2.1	-2.53E-01	-4.31E-01
2.11	1.85E-01	-5.60E-03
2.12	6.34E-01	4.32E-01
2.13	1.09E+00	8.79E-01
2.14	1.55E+00	1.33E+00
2.15	2.01E+00	1.78E+00
2.16	2.46E+00	2.21E+00
2.17	2.90E+00	2.64E+00
2.18	3.32E+00	3.05E+00
2.19	3.70E+00	3.42E+00
2.2	4.04E+00	3.76E+00
2.21	4.35E+00	4.07E+00
2.22	4.61E+00	4.33E+00
2.23	4.84E+00	4.56E+00
2.24	5.02E+00	4.75E+00
2.25	5.15E+00	4.90E+00
2.26	5.24E+00	5.00E+00
2.27	5.29E+00	5.07E+00
2.28	5.29E+00	5.08E+00
2.29	5.24E+00	5.06E+00
2.3	5.15E+00	5.00E+00
2.31	5.02E+00	4.90E+00
2.32	4.86E+00	4.77E+00
2.33	4.66E+00	4.60E+00
2.34	4.45E+00	4.42E+00
2.35	4.21E+00	4.21E+00
2.36	3.96E+00	4.00E+00
2.37	3.70E+00	3.77E+00
2.38	3.43E+00	3.54E+00
2.39	3.17E+00	3.31E+00
2.4	2.90E+00	3.08E+00
2.41	2.65E+00	2.86E+00
2.42	2.40E+00	2.64E+00
2.43	2.15E+00	2.42E+00
2.44	1.90E+00	2.20E+00
2.45	1.64E+00	1.97E+00
2.46	1.37E+00	1.73E+00
2.47	1.10E+00	1.48E+00
2.48	8.13E-01	1.22E+00
2.49	5.22E-01	9.50E-01
2.5	2.26E-01	6.71E-01
2.51	-7.43E-02	3.87E-01
2.52	-3.74E-01	9.97E-02
2.53	-6.69E-01	-1.84E-01
2.54	-9.51E-01	-4.59E-01
2.55	-1.22E+00	-7.18E-01
2.56	-1.46E+00	-9.59E-01
2.57	-1.68E+00	-1.18E+00
2.58	-1.88E+00	-1.38E+00
2.59	-2.06E+00	-1.57E+00
2.6	-2.21E+00	-1.73E+00
2.61	-2.34E+00	-1.88E+00
2.62	-2.45E+00	-2.00E+00
2.63	-2.53E+00	-2.10E+00
2.64	-2.59E+00	-2.18E+00
2.65	-2.63E+00	-2.25E+00
2.66	-2.66E+00	-2.30E+00
2.67	-2.66E+00	-2.33E+00
2.68	-2.65E+00	-2.35E+00
2.69	-2.62E+00	-2.35E+00
2.7	-2.58E+00	-2.35E+00
2.71	-2.53E+00	-2.33E+00
2.72	-2.47E+00	-2.30E+00
2.73	-2.39E+00	-2.26E+00
2.74	-2.30E+00	-2.20E+00
2.75	-2.19E+00	-2.13E+00
2.76	-2.06E+00	-2.04E+00
2.77	-1.91E+00	-1.93E+00
2.78	-1.74E+00	-1.80E+00
2.79	-1.55E+00	-1.65E+00
2.8	-1.33E+00	-1.47E+00
2.81	-1.10E+00	-1.27E+00
2.82	-8.45E-01	-1.06E+00
2.83	-5.80E-01	-8.26E-01
2.84	-3.08E-01	-5.86E-01
2.85	-3.38E-02	-3.40E-01
2.86	2.37E-01	-9.43E-02
2.87	4.99E-01	1.46E-01
2.88	7.49E-01	3.79E-01
2.89	9.83E-01	5.99E-01
2.9	1.20E+00	8.04E-01
2.91	1.39E+00	9.91E-01
2.92	1.56E+00	1.16E+00
2.93	1.71E+00	1.31E+00
2.94	1.85E+00	1.45E+00
2.95	1.96E+00	1.56E+00
2.96	2.05E+00	1.67E+00
2.97	2.13E+00	1.76E+00
2.98	2.21E+00	1.85E+00
2.99	2.27E+00	1.93E+00
3	2.33E+00	2.00E+00
3.01	2.38E+00	2.07E+00
3.02	2.42E+00	2.13E+00
3.03	2.45E+00	2.19E+00
3.04	2.46E+00	2.23E+00
3.05	2.46E+00	2.26E+00
3.06	2.44E+00	2.27E+00
3.07	2.40E+00	2.26E+00
3.08	2.35E+00	2.23E+00
3.09	2.27E+00	2.18E+00
3.1	2.17E+00	2.12E+00
3.11	2.04E+00	2.03E+00
3.12	1.90E+00	1.92E+00
3.13	1.75E+00	1.80E+00
3.14	1.58E+00	1.67E+00
3.15	1.41E+00	1.52E+00
3.16	1.24E+00	1.38E+00
3.17	1.07E+00	1.24E+00
3.18	9.05E-01	1.10E+00
3.19	7.53E-01	9.67E-01
3.2	6.12E-01	8.46E-01
3.21	4.81E-01	7.33E-01
3.22	3.61E-01	6.27E-01
3.23	2.50E-01	5.28E-01
3.24	1.50E-01	4.37E-01
3.25	6.02E-02	3.54E-01
3.26	-2.16E-02	2.76E-01
3.27	-9.66E-02	2.02E-01
3.28	-1.65E-01	1.33E-01
3.29	-2.26E-01	6.78E-02
3.3	-2.81E-01	7.46E-03
3.31	-3.27E-01	-4.72E-02
3.32	-3.63E-01	-9.34E-02
3.33	-3.87E-01	-1.30E-01
3.34	-4.02E-01	-1.59E-01
3.35	-4.12E-01	-1.86E-01
3.36	-4.17E-01	-2.10E-01
3.37	-4.17E-01	-2.31E-01
3.38	-4.09E-01	-2.44E-01
3.39	-3.91E-01	-2.50E-01
3.4	-3.65E-01	-2.49E-01
3.41	-3.32E-01	-2.42E-01
3.42	-2.94E-01	-2.29E-01
3.43	-2.50E-01	-2.13E-01
3.44	-2.03E-01	-1.93E-01
3.45	-1.54E-01	-1.71E-01
3.46	-1.07E-01	-1.51E-01
3.47	-6.70E-02	-1.37E-01
3.48	-3.45E-02	-1.29E-01
3.49	-1.00E-02	-1.29E-01
3.5	8.02E-03	-1.33E-01
3.51	2.09E-02	-1.41E-01
3.52	2.91E-02	-1.52E-01
3.53	3.28E-02	-1.65E-01
3.54	3.28E-02	-1.81E-01
3.55	3.03E-02	-1.97E-01
3.56	2.65E-02	-2.12E-01
3.57	2.27E-02	-2.25E-01
3.58	2.07E-02	-2.34E-01
3.59	2.19E-02	-2.37E-01
3.6	2.72E-02	-2.35E-01
3.61	3.64E-02	-2.26E-01
3.62	4.79E-02	-2.13E-01
3.63	5.98E-02	-1.98E-01
3.64	7.15E-02	-1.81E-01
3.65	8.25E-02	-1.62E-01
3.66	9.23E-02	-1.43E-01
3.67	1.01E-01	-1.23E-01
3.68	1.07E-01	-1.02E-01
3.69	1.14E-01	-8.07E-02
3.7	1.20E-01	-5.72E-02
3.71	1.28E-01	-3.10E-02
3.72	1.38E-01	-1.40E-03
3.73	1.50E-01	3.25E-02
3.74	1.68E-01	7.14E-02
3.75	1.89E-01	1.16E-01
3.76	2.17E-01	1.66E-01
3.77	2.50E-01	2.22E-01
3.78	2.89E-01	2.84E-01
3.79	3.32E-01	3.49E-01
3.8	3.78E-01	4.18E-01
3.81	4.27E-01	4.88E-01
3.82	4.78E-01	5.58E-01
3.83	5.27E-01	6.27E-01
3.84	5.76E-01	6.93E-01
3.85	6.22E-01	7.55E-01
3.86	6.65E-01	8.13E-01
3.87	7.03E-01	8.65E-01
3.88	7.38E-01	9.11E-01
3.89	7.69E-01	9.53E-01
3.9	7.97E-01	9.89E-01
3.91	8.24E-01	1.02E+00
3.92	8.52E-01	1.06E+00
3.93	8.83E-01	1.09E+00
3.94	9.19E-01	1.13E+00
3.95	9.60E-01	1.17E+00
3.96	1.01E+00	1.21E+00
3.97	1.06E+00	1.27E+00
3.98	1.13E+00	1.32E+00
3.99	1.19E+00	1.37E+00
4	1.25E+00	1.42E+00
4.01	1.31E+00	1.47E+00
4.02	1.36E+00	1.51E+00
4.03	1.41E+00	1.55E+00
4.04	1.45E+00	1.57E+00
4.05	1.49E+00	1.59E+00
4.06	1.51E+00	1.59E+00
4.07	1.51E+00	1.58E+00
4.08	1.50E+00	1.55E+00
4.09	1.48E+00	1.50E+00
4.1	1.44E+00	1.44E+00
4.11	1.39E+00	1.37E+00
4.12	1.32E+00	1.29E+00
4.13	1.25E+00	1.20E+00
4.14	1.18E+00	1.10E+00
4.15	1.11E+00	1.01E+00
4.16	1.03E+00	9.21E-01
4.17	9.61E-01	8.34E-01
4.18	8.94E-01	7.53E-01
4.19	8.32E-01	6.78E-01
4.2	7.78E-01	6.12E-01
4.21	7.32E-01	5.55E-01
4.22	6.95E-01	5.07E-01
4.23	6.66E-01	4.70E-01
4.24	6.46E-01	4.44E-01
4.25	6.34E-01	4.27E-01
4.26	6.31E-01	4.21E-01
4.27	6.36E-01	4.24E-01
4.28	6.49E-01	4.37E-01
4.29	6.68E-01	4.58E-01
4.3	6.95E-01	4.89E-01
4.31	7.31E-01	5.30E-01
4.32	7.74E-01	5.82E-01
4.33	8.27E-01	6.43E-01
4.34	8.87E-01	7.14E-01
4.35	9.52E-01	7.92E-01
4.36	1.02E+00	8.70E-01
4.37	1.08E+00	9.43E-01
4.38	1.13E+00	1.01E+00
4.39	1.17E+00	1.07E+00
4.4	1.21E+00	1.12E+00
4.41	1.23E+00	1.16E+00
4.42	1.25E+00	1.19E+00
4.43	1.25E+00	1.21E+00
4.44	1.23E+00	1.21E+00
4.45	1.19E+00	1.19E+00
4.46	1.13E+00	1.15E+00
4.47	1.05E+00	1.08E+00
4.48	9.53E-01	9.97E-01
4.49	8.32E-01	8.90E-01
4.5	6.93E-01	7.65E-01
4.51	5.38E-01	6.24E-01
4.52	3.72E-01	4.71E-01
4.53	1.96E-01	3.06E-01
4.54	1.39E-02	1.35E-01
4.55	-1.73E-01	-4.23E-02
4.56	-3.60E-01	-2.22E-01
4.57	-5.46E-01	-4.00E-01
4.58	-7.26E-01	-5.75E-01
4.59	-8.98E-01	-7.43E-01
4.6	-1.06E+00	-9.00E-01
4.61	-1.20E+00	-1.04E+00
4.62	-1.33E+00	-1.17E+00
4.63	-1.43E+00	-1.28E+00
4.64	-1.51E+00	-1.36E+00
4.65	-1.57E+00	-1.42E+00
4.66	-1.60E+00	-1.46E+00
4.67	-1.60E+00	-1.47E+00
4.68	-1.58E+00	-1.46E+00
4.69	-1.54E+00	-1.42E+00
4.7	-1.48E+00	-1.37E+00
4.71	-1.40E+00	-1.30E+00
4.72	-1.30E+00	-1.21E+00
4.73	-1.18E+00	-1.10E+00
4.74	-1.04E+00	-9.78E-01
4.75	-8.95E-01	-8.42E-01
4.76	-7.35E-01	-6.94E-01
4.77	-5.63E-01	-5.35E-01
4.78	-3.82E-01	-3.67E-01
4.79	-1.91E-01	-1.89E-01
4.8	9.72E-03	-1.83E-03
4.81	2.22E-01	1.97E-01
4.82	4.46E-01	4.08E-01
4.83	6.83E-01	6.32E-01
4.84	9.31E-01	8.68E-01
4.85	1.19E+00	1.11E+00
4.86	1.44E+00	1.35E+00
4.87	1.68E+00	1.58E+00
4.88	1.91E+00	1.80E+00
4.89	2.12E+00	2.00E+00
4.9	2.31E+00	2.19E+00
4.91	2.48E+00	2.35E+00
4.92	2.62E+00	2.49E+00
4.93	2.74E+00	2.60E+00
4.94	2.82E+00	2.67E+00
4.95	2.87E+00	2.72E+00
4.96	2.88E+00	2.73E+00
4.97	2.85E+00	2.70E+00
4.98	2.78E+00	2.63E+00
4.99	2.68E+00	2.53E+00
5	2.54E+00	2.39E+00
5.01	2.37E+00	2.22E+00
5.02	2.17E+00	2.03E+00
5.03	1.96E+00	1.83E+00
5.04	1.73E+00	1.60E+00
5.05	1.48E+00	1.36E+00
5.06	1.22E+00	1.11E+00
5.07	9.57E-01	8.52E-01
5.08	6.83E-01	5.87E-01
5.09	4.05E-01	3.19E-01
5.1	1.26E-01	5.06E-02
5.11	-1.52E-01	-2.16E-01
5.12	-4.27E-01	-4.79E-01
5.13	-6.97E-01	-7.38E-01
5.14	-9.64E-01	-9.93E-01
5.15	-1.23E+00	-1.24E+00
5.16	-1.48E+00	-1.49E+00
5.17	-1.73E+00	-1.73E+00
5.18	-1.97E+00	-1.95E+00
5.19	-2.20E+00	-2.17E+00
5.2	-2.41E+00	-2.37E+00
5.21	-2.60E+00	-2.55E+00
5.22	-2.77E+00	-2.71E+00
5.23	-2.92E+00	-2.85E+00
5.24	-3.04E+00	-2.96E+00
5.25	-3.13E+00	-3.05E+00
5.26	-3.20E+00	-3.12E+00
5.27	-3.24E+00	-3.15E+00
5.28	-3.24E+00	-3.17E+00
5.29	-3.23E+00	-3.16E+00
5.3	-3.19E+00	-3.12E+00
5.31	-3.13E+00	-3.07E+00
5.32	-3.04E+00	-3.00E+00
5.33	-2.94E+00	-2.90E+00
5.34	-2.81E+00	-2.79E+00
5.35	-2.67E+00	-2.66E+00
5.36	-2.51E+00	-2.51E+00
5.37	-2.33E+00	-2.35E+00
5.38	-2.14E+00	-2.18E+00
5.39	-1.93E+00	-1.99E+00
5.4	-1.72E+00	-1.80E+00
5.41	-1.49E+00	-1.59E+00
5.42	-1.25E+00	-1.37E+00
5.43	-9.90E-01	-1.14E+00
5.44	-7.21E-01	-8.96E-01
5.45	-4.40E-01	-6.38E-01
5.46	-1.48E-01	-3.69E-01
5.47	1.51E-01	-9.34E-02
5.48	4.52E-01	1.87E-01
5.49	7.54E-01	4.67E-01
5.5	1.05E+00	7.44E-01
5.51	1.34E+00	1.01E+00
5.52	1.62E+00	1.28E+00
5.53	1.89E+00	1.53E+00
5.54	2.14E+00	1.76E+00
5.55	2.37E+00	1.98E+00
5.56	2.58E+00	2.18E+00
5.57	2.77E+00	2.36E+00
5.58	2.93E+00	2.52E+00
5.59	3.07E+00	2.66E+00
5.6	3.19E+00	2.77E+00
5.61	3.29E+00	2.87E+00
5.62	3.37E+00	2.96E+00
5.63	3.43E+00	3.03E+00
5.64	3.47E+00	3.09E+00
5.65	3.51E+00	3.15E+00
5.66	3.53E+00	3.19E+00
5.67	3.54E+00	3.23E+00
5.68	3.54E+00	3.25E+00
5.69	3.51E+00	3.26E+00
5.7	3.47E+00	3.25E+00
5.71	3.41E+00	3.22E+00
5.72	3.33E+00	3.18E+00
5.73	3.23E+00	3.12E+00
5.74	3.11E+00	3.04E+00
5.75	2.97E+00	2.94E+00
5.76	2.80E+00	2.82E+00
5.77	2.62E+00	2.68E+00
5.78	2.41E+00	2.52E+00
5.79	2.18E+00	2.34E+00
5.8	1.94E+00	2.14E+00
5.81	1.68E+00	1.93E+00
5.82	1.41E+00	1.70E+00
5.83	1.13E+00	1.47E+00
5.84	8.53E-01	1.23E+00
5.85	5.76E-01	9.84E-01
5.86	3.04E-01	7.44E-01
5.87	3.85E-02	5.08E-01
5.88	-2.18E-01	2.79E-01
5.89	-4.63E-01	5.57E-02
5.9	-6.97E-01	-1.59E-01
5.91	-9.18E-01	-3.65E-01
5.92	-1.13E+00	-5.60E-01
5.93	-1.32E+00	-7.45E-01
5.94	-1.50E+00	-9.16E-01
5.95	-1.66E+00	-1.07E+00
5.96	-1.80E+00	-1.22E+00
5.97	-1.92E+00	-1.34E+00
5.98	-2.02E+00	-1.45E+00
5.99	-2.10E+00	-1.54E+00
6	-2.15E+00	-1.61E+00
6.01	-2.18E+00	-1.66E+00
6.02	-2.19E+00	-1.69E+00
6.03	-2.17E+00	-1.70E+00
6.04	-2.13E+00	-1.68E+00
6.05	-2.07E+00	-1.65E+00
6.06	-1.98E+00	-1.59E+00
6.07	-1.86E+00	-1.51E+00
6.08	-1.73E+00	-1.41E+00
6.09	-1.57E+00	-1.29E+00
6.1	-1.40E+00	-1.15E+00
6.11	-1.21E+00	-1.00E+00
6.12	-1.01E+00	-8.40E-01
6.13	-8.02E-01	-6.71E-01
6.14	-5.90E-01	-4.96E-01
6.15	-3.73E-01	-3.16E-01
6.16	-1.53E-01	-1.31E-01
6.17	6.83E-02	5.72E-02
6.18	2.91E-01	2.48E-01
6.19	5.13E-01	4.41E-01
6.2	7.33E-01	6.34E-01
6.21	9.52E-01	8.28E-01
6.22	1.17E+00	1.02E+00
6.23	1.38E+00	1.21E+00
6.24	1.58E+00	1.40E+00
6.25	1.78E+00	1.58E+00
6.26	1.97E+00	1.76E+00
6.27	2.15E+00	1.93E+00
6.28	2.31E+00	2.09E+00
6.29	2.46E+00	2.23E+00
6.3	2.59E+00	2.36E+00
6.31	2.70E+00	2.47E+00
6.32	2.78E+00	2.56E+00
6.33	2.85E+00	2.63E+00
6.34	2.89E+00	2.68E+00
6.35	2.90E+00	2.71E+00
6.36	2.89E+00	2.72E+00
6.37	2.85E+00	2.70E+00
6.38	2.80E+00	2.66E+00
6.39	2.72E+00	2.61E+00
6.4	2.62E+00	2.54E+00
6.41	2.50E+00	2.45E+00
6.42	2.38E+00	2.35E+00
6.43	2.23E+00	2.23E+00
6.44	2.08E+00	2.11E+00
6.45	1.91E+00	1.97E+00
6.46	1.74E+00	1.83E+00
6.47	1.55E+00	1.68E+00
6.48	1.36E+00	1.52E+00
6.49	1.17E+00	1.35E+00
6.5	9.64E-01	1.17E+00
6.51	7.57E-01	9.94E-01
6.52	5.45E-01	8.09E-01
6.53	3.31E-01	6.19E-01
6.54	1.15E-01	4.27E-01
6.55	-9.97E-02	2.33E-01
6.56	-3.12E-01	4.01E-02
6.57	-5.20E-01	-1.50E-01
6.58	-7.20E-01	-3.34E-01
6.59	-9.10E-01	-5.10E-01
6.6	-1.09E+00	-6.75E-01
6.61	-1.25E+00	-8.27E-01
6.62	-1.39E+00	-9.63E-01
6.63	-1.51E+00	-1.08E+00
6.64	-1.62E+00	-1.18E+00
6.65	-1.70E+00	-1.26E+00
6.66	-1.76E+00	-1.33E+00
6.67	-1.80E+00	-1.37E+00
6.68	-1.81E+00	-1.40E+00
6.69	-1.81E+00	-1.41E+00
6.7	-1.79E+00	-1.39E+00
6.71	-1.74E+00	-1.37E+00
6.72	-1.69E+00	-1.33E+00
6.73	-1.61E+00	-1.27E+00
6.74	-1.52E+00	-1.20E+00
6.75	-1.42E+00	-1.12E+00
6.76	-1.31E+00	-1.03E+00
6.77	-1.18E+00	-9.23E-01
6.78	-1.04E+00	-8.07E-01
6.79	-8.90E-01	-6.81E-01
6.8	-7.29E-01	-5.44E-01
6.81	-5.57E-01	-3.96E-01
6.82	-3.74E-01	-2.38E-01
6.83	-1.82E-01	-6.92E-02
6.84	1.87E-02	1.09E-01
6.85	2.28E-01	2.95E-01
6.86	4.44E-01	4.89E-01
6.87	6.64E-01	6.88E-01
6.88	8.85E-01	8.89E-01
6.89	1.10E+00	1.09E+00
6.9	1.32E+00	1.28E+00
6.91	1.52E+00	1.47E+00
6.92	1.71E+00	1.64E+00
6.93	1.89E+00	1.81E+00
6.94	2.05E+00	1.96E+00
6.95	2.19E+00	2.09E+00
6.96	2.32E+00	2.21E+00
6.97	2.42E+00	2.31E+00
6.98	2.51E+00	2.39E+00
6.99	2.57E+00	2.46E+00
7	2.61E+00	2.50E+00
7.01	2.63E+00	2.53E+00
7.02	2.63E+00	2.53E+00
7.03	2.61E+00	2.52E+00
7.04	2.58E+00	2.49E+00
7.05	2.52E+00	2.45E+00
7.06	2.44E+00	2.38E+00
7.07	2.35E+00	2.31E+00
7.08	2.25E+00	2.21E+00
7.09	2.13E+00	2.11E+00
7.1	1.99E+00	1.99E+00
7.11	1.84E+00	1.86E+00
7.12	1.69E+00	1.72E+00
7.13	1.52E+00	1.57E+00
7.14	1.35E+00	1.42E+00
7.15	1.17E+00	1.26E+00
7.16	9.88E-01	1.10E+00
7.17	8.04E-01	9.37E-01
7.18	6.18E-01	7.71E-01
7.19	4.33E-01	6.05E-01
7.2	2.48E-01	4.40E-01
7.21	6.74E-02	2.77E-01
7.22	-1.08E-01	1.20E-01
7.23	-2.77E-01	-3.17E-02
7.24	-4.37E-01	-1.76E-01
7.25	-5.88E-01	-3.13E-01
7.26	-7.30E-01	-4.41E-01
7.27	-8.60E-01	-5.60E-01
7.28	-9.80E-01	-6.70E-01
7.29	-1.09E+00	-7.68E-01
7.3	-1.18E+00	-8.55E-01
7.31	-1.26E+00	-9.30E-01
7.32	-1.33E+00	-9.92E-01
7.33	-1.38E+00	-1.04E+00
7.34	-1.41E+00	-1.07E+00
7.35	-1.42E+00	-1.09E+00
7.36	-1.42E+00	-1.09E+00
7.37	-1.40E+00	-1.07E+00
7.38	-1.36E+00	-1.03E+00
7.39	-1.30E+00	-9.84E-01
7.4	-1.23E+00	-9.18E-01
7.41	-1.14E+00	-8.39E-01
7.42	-1.03E+00	-7.45E-01
7.43	-9.15E-01	-6.39E-01
7.44	-7.82E-01	-5.19E-01
7.45	-6.38E-01	-3.89E-01
7.46	-4.82E-01	-2.48E-01
7.47	-3.18E-01	-9.91E-02
7.48	-1.47E-01	5.56E-02
7.49	2.83E-02	2.14E-01
7.5	2.06E-01	3.74E-01
7.51	3.84E-01	5.35E-01
7.52	5.60E-01	6.94E-01
7.53	7.35E-01	8.52E-01
7.54	9.05E-01	1.01E+00
7.55	1.07E+00	1.15E+00
7.56	1.23E+00	1.30E+00
7.57	1.38E+00	1.43E+00
7.58	1.52E+00	1.56E+00
7.59	1.66E+00	1.68E+00
7.6	1.78E+00	1.79E+00
7.61	1.89E+00	1.89E+00
7.62	1.99E+00	1.98E+00
7.63	2.07E+00	2.06E+00
7.64	2.15E+00	2.13E+00
7.65	2.21E+00	2.18E+00
7.66	2.26E+00	2.23E+00
7.67	2.30E+00	2.26E+00
7.68	2.33E+00	2.29E+00
7.69	2.34E+00	2.30E+00
7.7	2.34E+00	2.29E+00
7.71	2.32E+00	2.28E+00
7.72	2.29E+00	2.26E+00
7.73	2.25E+00	2.22E+00
7.74	2.20E+00	2.18E+00
7.75	2.14E+00	2.12E+00
7.76	2.07E+00	2.06E+00
7.77	1.99E+00	1.99E+00
7.78	1.90E+00	1.91E+00
7.79	1.80E+00	1.82E+00
7.8	1.69E+00	1.73E+00
7.81	1.58E+00	1.62E+00
7.82	1.45E+00	1.51E+00
7.83	1.32E+00	1.39E+00
7.84	1.17E+00	1.26E+00
7.85	1.03E+00	1.13E+00
7.86	8.72E-01	9.86E-01
7.87	7.13E-01	8.41E-01
7.88	5.49E-01	6.91E-01
7.89	3.83E-01	5.39E-01
7.9	2.15E-01	3.84E-01
7.91	4.60E-02	2.29E-01
7.92	-1.21E-01	7.41E-02
7.93	-2.86E-01	-7.82E-02
7.94	-4.46E-01	-2.27E-01
7.95	-5.99E-01	-3.69E-01
7.96	-7.44E-01	-5.04E-01
7.97	-8.77E-01	-6.28E-01
7.98	-9.98E-01	-7.41E-01
7.99	-1.10E+00	-8.40E-01
8	-1.20E+00	-9.25E-01
8.01	-1.27E+00	-9.97E-01
8.02	-1.34E+00	-1.06E+00
8.03	-1.38E+00	-1.10E+00
8.04	-1.42E+00	-1.13E+00
8.05	-1.44E+00	-1.15E+00
8.06	-1.44E+00	-1.16E+00
8.07	-1.43E+00	-1.15E+00
8.08	-1.41E+00	-1.13E+00
8.09	-1.37E+00	-1.10E+00
8.1	-1.32E+00	-1.06E+00
8.11	-1.26E+00	-1.00E+00
8.12	-1.19E+00	-9.41E-01
8.13	-1.12E+00	-8.70E-01
8.14	-1.03E+00	-7.90E-01
8.15	-9.28E-01	-7.01E-01
8.16	-8.21E-01	-6.03E-01
8.17	-7.04E-01	-4.97E-01
8.18	-5.80E-01	-3.84E-01
8.19	-4.48E-01	-2.63E-01
8.2	-3.11E-01	-1.38E-01
8.21	-1.70E-01	-7.95E-03
8.22	-2.54E-02	1.25E-01
8.23	1.21E-01	2.59E-01
8.24	2.67E-01	3.94E-01
8.25	4.13E-01	5.28E-01
8.26	5.57E-01	6.61E-01
8.27	6.98E-01	7.91E-01
8.28	8.35E-01	9.17E-01
8.29	9.67E-01	1.04E+00
8.3	1.09E+00	1.15E+00
8.31	1.21E+00	1.26E+00
8.32	1.32E+00	1.37E+00
8.33	1.43E+00	1.47E+00
8.34	1.52E+00	1.56E+00
8.35	1.61E+00	1.64E+00
8.36	1.69E+00	1.71E+00
8.37	1.77E+00	1.78E+00
8.38	1.83E+00	1.85E+00
8.39	1.89E+00	1.90E+00
8.4	1.93E+00	1.95E+00
8.41	1.97E+00	1.98E+00
8.42	2.00E+00	2.01E+00
8.43	2.01E+00	2.03E+00
8.44	2.02E+00	2.03E+00
8.45	2.01E+00	2.03E+00
8.46	1.98E+00	2.01E+00
8.47	1.95E+00	1.98E+00
8.48	1.90E+00	1.94E+00
8.49	1.84E+00	1.89E+00
8.5	1.77E+00	1.82E+00
8.51	1.69E+00	1.75E+00
8.52	1.60E+00	1.66E+00
8.53	1.49E+00	1.56E+00
8.54	1.37E+00	1.45E+00
8.55	1.23E+00	1.32E+00
8.56	1.08E+00	1.18E+00
8.57	9.17E-01	1.03E+00
8.58	7.46E-01	8.70E-01
8.59	5.65E-01	6.98E-01
8.6	3.75E-01	5.19E-01
8.61	1.79E-01	3.32E-01
8.62	-2.27E-02	1.40E-01
8.63	-2.28E-01	-5.64E-02
8.64	-4.35E-01	-2.54E-01
8.65	-6.40E-01	-4.51E-01
8.66	-8.40E-01	-6.44E-01
8.67	-1.03E+00	-8.30E-01
8.68	-1.22E+00	-1.01E+00
8.69	-1.38E+00	-1.17E+00
8.7	-1.54E+00	-1.32E+00
8.71	-1.67E+00	-1.45E+00
8.72	-1.79E+00	-1.56E+00
8.73	-1.88E+00	-1.65E+00
8.74	-1.95E+00	-1.71E+00
8.75	-2.00E+00	-1.76E+00
8.76	-2.03E+00	-1.78E+00
8.77	-2.03E+00	-1.79E+00
8.78	-2.01E+00	-1.77E+00
8.79	-1.97E+00	-1.73E+00
8.8	-1.91E+00	-1.67E+00
8.81	-1.83E+00	-1.59E+00
8.82	-1.73E+00	-1.50E+00
8.83	-1.62E+00	-1.38E+00
8.84	-1.48E+00	-1.26E+00
8.85	-1.34E+00	-1.12E+00
8.86	-1.18E+00	-9.67E-01
8.87	-1.01E+00	-8.03E-01
8.88	-8.22E-01	-6.25E-01
8.89	-6.23E-01	-4.35E-01
8.9	-4.11E-01	-2.32E-01
8.91	-1.87E-01	-1.74E-02
8.92	4.84E-02	2.09E-01
8.93	2.95E-01	4.46E-01
8.94	5.51E-01	6.93E-01
8.95	8.16E-01	9.48E-01
8.96	1.09E+00	1.21E+00
8.97	1.36E+00	1.47E+00
8.98	1.62E+00	1.72E+00
8.99	1.87E+00	1.96E+00
9	2.10E+00	2.19E+00
9.01	2.32E+00	2.40E+00
9.02	2.52E+00	2.58E+00
9.03	2.69E+00	2.75E+00
9.04	2.83E+00	2.88E+00
9.05	2.95E+00	2.99E+00
9.06	3.04E+00	3.07E+00
9.07	3.09E+00	3.12E+00
9.08	3.11E+00	3.13E+00
9.09	3.10E+00	3.11E+00
9.1	3.05E+00	3.07E+00
9.11	2.99E+00	3.00E+00
9.12	2.89E+00	2.91E+00
9.13	2.78E+00	2.79E+00
9.14	2.64E+00	2.66E+00
9.15	2.48E+00	2.50E+00
9.16	2.31E+00	2.34E+00
9.17	2.13E+00	2.15E+00
9.18	1.93E+00	1.96E+00
9.19	1.73E+00	1.77E+00
9.2	1.52E+00	1.57E+00
9.21	1.31E+00	1.37E+00
9.22	1.11E+00	1.17E+00
9.23	9.12E-01	9.79E-01
9.24	7.19E-01	7.95E-01
9.25	5.31E-01	6.17E-01
9.26	3.48E-01	4.45E-01
9.27	1.71E-01	2.80E-01
9.28	2.74E-03	1.24E-01
9.29	-1.56E-01	-2.20E-02
9.3	-3.03E-01	-1.57E-01
9.31	-4.40E-01	-2.80E-01
9.32	-5.66E-01	-3.93E-01
9.33	-6.81E-01	-4.94E-01
9.34	-7.86E-01	-5.87E-01
9.35	-8.82E-01	-6.70E-01
9.36	-9.70E-01	-7.47E-01
9.37	-1.05E+00	-8.17E-01
9.38	-1.13E+00	-8.82E-01
9.39	-1.19E+00	-9.42E-01
9.4	-1.26E+00	-9.97E-01
9.41	-1.31E+00	-1.05E+00
9.42	-1.36E+00	-1.09E+00
9.43	-1.40E+00	-1.12E+00
9.44	-1.43E+00	-1.15E+00
9.45	-1.45E+00	-1.16E+00
9.46	-1.45E+00	-1.16E+00
9.47	-1.44E+00	-1.15E+00
9.48	-1.41E+00	-1.12E+00
9.49	-1.37E+00	-1.07E+00
9.5	-1.30E+00	-1.00E+00
9.51	-1.20E+00	-9.09E-01
9.52	-1.08E+00	-7.92E-01
9.53	-9.39E-01	-6.53E-01
9.54	-7.77E-01	-4.95E-01
9.55	-6.01E-01	-3.25E-01
9.56	-4.15E-01	-1.44E-01
9.57	-2.18E-01	4.42E-02
9.58	-1.57E-02	2.38E-01
9.59	1.90E-01	4.34E-01
9.6	3.96E-01	6.29E-01
9.61	5.99E-01	8.21E-01
9.62	7.96E-01	1.01E+00
9.63	9.85E-01	1.18E+00
9.64	1.16E+00	1.35E+00
9.65	1.33E+00	1.51E+00
9.66	1.49E+00	1.66E+00
9.67	1.65E+00	1.80E+00
9.68	1.79E+00	1.92E+00
9.69	1.91E+00	2.04E+00
9.7	2.03E+00	2.14E+00
9.71	2.12E+00	2.23E+00
9.72	2.21E+00	2.31E+00
9.73	2.28E+00	2.37E+00
9.74	2.34E+00	2.42E+00
9.75	2.39E+00	2.46E+00
9.76	2.42E+00	2.48E+00
9.77	2.43E+00	2.48E+00
9.78	2.42E+00	2.47E+00
9.79	2.40E+00	2.44E+00
9.8	2.35E+00	2.39E+00
9.81	2.29E+00	2.32E+00
9.82	2.21E+00	2.24E+00
9.83	2.12E+00	2.15E+00
9.84	2.02E+00	2.04E+00
9.85	1.91E+00	1.93E+00
9.86	1.79E+00	1.81E+00
9.87	1.66E+00	1.68E+00
9.88	1.53E+00	1.56E+00
9.89	1.40E+00	1.43E+00
9.9	1.26E+00	1.30E+00
9.91	1.13E+00	1.18E+00
9.92	9.99E-01	1.06E+00
9.93	8.70E-01	9.35E-01
9.94	7.42E-01	8.17E-01
9.95	6.15E-01	7.00E-01
9.96	4.88E-01	5.83E-01
9.97	3.59E-01	4.64E-01
9.98	2.28E-01	3.43E-01
9.99	9.34E-02	2.19E-01
10	-4.25E-02	9.34E-02
10.01	-1.78E-01	-3.16E-02
10.02	-3.11E-01	-1.54E-01
10.03	-4.40E-01	-2.71E-01
10.04	-5.60E-01	-3.81E-01
10.05	-6.70E-01	-4.80E-01
10.06	-7.68E-01	-5.67E-01
10.07	-8.53E-01	-6.40E-01
10.08	-9.23E-01	-7.00E-01
10.09	-9.77E-01	-7.43E-01
10.1	-1.01E+00	-7.70E-01
10.11	-1.03E+00	-7.79E-01
10.12	-1.03E+00	-7.72E-01
10.13	-1.02E+00	-7.48E-01
10.14	-9.86E-01	-7.11E-01
10.15	-9.43E-01	-6.63E-01
10.16	-8.91E-01	-6.07E-01
10.17	-8.31E-01	-5.45E-01
10.18	-7.66E-01	-4.79E-01
10.19	-6.97E-01	-4.10E-01
10.2	-6.26E-01	-3.40E-01
10.21	-5.52E-01	-2.68E-01
10.22	-4.76E-01	-1.95E-01
10.23	-3.96E-01	-1.19E-01
10.24	-3.13E-01	-4.04E-02
10.25	-2.23E-01	4.37E-02
10.26	-1.27E-01	1.34E-01
10.27	-2.29E-02	2.32E-01
10.28	9.11E-02	3.40E-01
10.29	2.16E-01	4.57E-01
10.3	3.51E-01	5.85E-01
10.31	4.98E-01	7.23E-01
10.32	6.54E-01	8.69E-01
10.33	8.15E-01	1.02E+00
10.34	9.80E-01	1.18E+00
10.35	1.14E+00	1.33E+00
10.36	1.30E+00	1.47E+00
10.37	1.45E+00	1.61E+00
10.38	1.58E+00	1.73E+00
10.39	1.70E+00	1.84E+00
10.4	1.81E+00	1.93E+00
10.41	1.89E+00	2.00E+00
10.42	1.95E+00	2.05E+00
10.43	1.99E+00	2.08E+00
10.44	2.01E+00	2.09E+00
10.45	2.00E+00	2.07E+00
10.46	1.97E+00	2.03E+00
10.47	1.92E+00	1.98E+00
10.48	1.86E+00	1.91E+00
10.49	1.78E+00	1.83E+00
10.5	1.70E+00	1.74E+00
10.51	1.61E+00	1.65E+00
10.52	1.51E+00	1.55E+00
10.53	1.41E+00	1.45E+00
10.54	1.30E+00	1.34E+00
10.55	1.20E+00	1.24E+00
10.56	1.09E+00	1.13E+00
10.57	9.87E-01	1.03E+00
10.58	8.79E-01	9.23E-01
10.59	7.70E-01	8.18E-01
10.6	6.59E-01	7.11E-01
10.61	5.46E-01	6.03E-01
10.62	4.31E-01	4.94E-01
10.63	3.13E-01	3.83E-01
10.64	1.94E-01	2.72E-01
10.65	7.36E-02	1.61E-01
10.66	-4.62E-02	5.05E-02
10.67	-1.64E-01	-5.69E-02
10.68	-2.79E-01	-1.60E-01
10.69	-3.88E-01	-2.59E-01
10.7	-4.93E-01	-3.51E-01
10.71	-5.90E-01	-4.36E-01
10.72	-6.80E-01	-5.15E-01
10.73	-7.63E-01	-5.85E-01
10.74	-8.37E-01	-6.48E-01
10.75	-9.02E-01	-7.03E-01
10.76	-9.58E-01	-7.49E-01
10.77	-1.00E+00	-7.86E-01
10.78	-1.04E+00	-8.13E-01
10.79	-1.07E+00	-8.30E-01
10.8	-1.08E+00	-8.37E-01
10.81	-1.09E+00	-8.34E-01
10.82	-1.08E+00	-8.20E-01
10.83	-1.06E+00	-7.95E-01
10.84	-1.03E+00	-7.60E-01
10.85	-9.86E-01	-7.14E-01
10.86	-9.33E-01	-6.56E-01
10.87	-8.68E-01	-5.88E-01
10.88	-7.91E-01	-5.09E-01
10.89	-7.04E-01	-4.21E-01
10.9	-6.07E-01	-3.24E-01
10.91	-5.02E-01	-2.20E-01
10.92	-3.89E-01	-1.09E-01
10.93	-2.69E-01	7.61E-03
10.94	-1.44E-01	1.29E-01
10.95	-1.36E-02	2.54E-01
10.96	1.20E-01	3.81E-01
10.97	2.57E-01	5.11E-01
10.98	3.96E-01	6.41E-01
10.99	5.36E-01	7.72E-01
11	6.76E-01	9.03E-01
11.01	8.16E-01	1.03E+00
11.02	9.54E-01	1.16E+00
11.03	1.09E+00	1.28E+00
11.04	1.22E+00	1.40E+00
11.05	1.34E+00	1.51E+00
11.06	1.45E+00	1.62E+00
11.07	1.56E+00	1.71E+00
11.08	1.65E+00	1.79E+00
11.09	1.73E+00	1.86E+00
11.1	1.80E+00	1.92E+00
11.11	1.85E+00	1.96E+00
11.12	1.89E+00	1.99E+00
11.13	1.91E+00	2.01E+00
11.14	1.92E+00	2.01E+00
11.15	1.92E+00	1.99E+00
11.16	1.90E+00	1.97E+00
11.17	1.87E+00	1.93E+00
11.18	1.82E+00	1.88E+00
11.19	1.77E+00	1.82E+00
11.2	1.71E+00	1.75E+00
11.21	1.63E+00	1.67E+00
11.22	1.55E+00	1.58E+00
11.23	1.45E+00	1.49E+00
11.24	1.35E+00	1.39E+00
11.25	1.24E+00	1.28E+00
11.26	1.12E+00	1.16E+00
11.27	9.94E-01	1.04E+00
11.28	8.60E-01	9.06E-01
11.29	7.19E-01	7.70E-01
11.3	5.72E-01	6.29E-01
11.31	4.20E-01	4.83E-01
11.32	2.63E-01	3.33E-01
11.33	1.04E-01	1.82E-01
11.34	-5.60E-02	3.01E-02
11.35	-2.15E-01	-1.20E-01
11.36	-3.70E-01	-2.65E-01
11.37	-5.20E-01	-4.05E-01
11.38	-6.62E-01	-5.37E-01
11.39	-7.96E-01	-6.60E-01
11.4	-9.19E-01	-7.73E-01
11.41	-1.03E+00	-8.75E-01
11.42	-1.13E+00	-9.64E-01
11.43	-1.22E+00	-1.04E+00
11.44	-1.30E+00	-1.11E+00
11.45	-1.37E+00	-1.16E+00
11.46	-1.42E+00	-1.21E+00
11.47	-1.47E+00	-1.24E+00
11.48	-1.50E+00	-1.27E+00
11.49	-1.53E+00	-1.28E+00
11.5	-1.54E+00	-1.29E+00
11.51	-1.55E+00	-1.29E+00
11.52	-1.54E+00	-1.27E+00
11.53	-1.52E+00	-1.25E+00
11.54	-1.49E+00	-1.22E+00
11.55	-1.45E+00	-1.17E+00
11.56	-1.40E+00	-1.11E+00
11.57	-1.33E+00	-1.04E+00
11.58	-1.24E+00	-9.53E-01
11.59	-1.14E+00	-8.50E-01
11.6	-1.02E+00	-7.33E-01
11.61	-8.87E-01	-6.01E-01
11.62	-7.38E-01	-4.54E-01
11.63	-5.75E-01	-2.94E-01
11.64	-3.99E-01	-1.23E-01
11.65	-2.12E-01	5.90E-02
11.66	-1.58E-02	2.49E-01
11.67	1.88E-01	4.46E-01
11.68	3.97E-01	6.47E-01
11.69	6.09E-01	8.50E-01
11.7	8.24E-01	1.06E+00
11.71	1.04E+00	1.26E+00
11.72	1.25E+00	1.46E+00
11.73	1.46E+00	1.66E+00
11.74	1.67E+00	1.85E+00
11.75	1.87E+00	2.04E+00
11.76	2.06E+00	2.23E+00
11.77	2.25E+00	2.40E+00
11.78	2.43E+00	2.57E+00
11.79	2.61E+00	2.74E+00
11.8	2.77E+00	2.89E+00
11.81	2.93E+00	3.03E+00
11.82	3.07E+00	3.17E+00
11.83	3.21E+00	3.29E+00
11.84	3.33E+00	3.41E+00
11.85	3.44E+00	3.51E+00
11.86	3.54E+00	3.60E+00
11.87	3.61E+00	3.67E+00
11.88	3.67E+00	3.72E+00
11.89	3.70E+00	3.75E+00
11.9	3.70E+00	3.76E+00
11.91	3.68E+00	3.74E+00
11.92	3.63E+00	3.70E+00
11.93	3.55E+00	3.63E+00
11.94	3.44E+00	3.53E+00
11.95	3.30E+00	3.40E+00
11.96	3.13E+00	3.25E+00
11.97	2.93E+00	3.06E+00
11.98	2.70E+00	2.85E+00
11.99	2.44E+00	2.62E+00
12	2.17E+00	2.36E+00
12.01	1.87E+00	2.08E+00
12.02	1.55E+00	1.79E+00
12.03	1.22E+00	1.48E+00
12.04	8.78E-01	1.17E+00
12.05	5.32E-01	8.49E-01
12.06	1.84E-01	5.27E-01
12.07	-1.63E-01	2.06E-01
12.08	-5.06E-01	-1.12E-01
12.09	-8.41E-01	-4.22E-01
12.1	-1.17E+00	-7.22E-01
12.11	-1.48E+00	-1.01E+00
12.12	-1.77E+00	-1.29E+00
12.13	-2.05E+00	-1.54E+00
12.14	-2.31E+00	-1.78E+00
12.15	-2.55E+00	-2.00E+00
12.16	-2.77E+00	-2.20E+00
12.17	-2.96E+00	-2.39E+00
12.18	-3.13E+00	-2.55E+00
12.19	-3.28E+00	-2.69E+00
12.2	-3.40E+00	-2.82E+00
12.21	-3.49E+00	-2.92E+00
12.22	-3.57E+00	-3.01E+00
12.23	-3.61E+00	-3.08E+00
12.24	-3.63E+00	-3.12E+00
12.25	-3.63E+00	-3.14E+00
12.26	-3.59E+00	-3.14E+00
12.27	-3.53E+00	-3.11E+00
12.28	-3.44E+00	-3.05E+00
12.29	-3.32E+00	-2.97E+00
12.3	-3.17E+00	-2.86E+00
12.31	-2.99E+00	-2.73E+00
12.32	-2.79E+00	-2.56E+00
12.33	-2.56E+00	-2.38E+00
12.34	-2.31E+00	-2.17E+00
12.35	-2.04E+00	-1.94E+00
12.36	-1.75E+00	-1.69E+00
12.37	-1.44E+00	-1.42E+00
12.38	-1.12E+00	-1.14E+00
12.39	-7.89E-01	-8.56E-01
12.4	-4.50E-01	-5.60E-01
12.41	-1.07E-01	-2.61E-01
12.42	2.35E-01	3.93E-02
12.43	5.73E-01	3.37E-01
12.44	9.04E-01	6.29E-01
12.45	1.22E+00	9.14E-01
12.46	1.53E+00	1.19E+00
12.47	1.82E+00	1.45E+00
12.48	2.09E+00	1.70E+00
12.49	2.35E+00	1.93E+00
12.5	2.58E+00	2.15E+00
12.51	2.79E+00	2.34E+00
12.52	2.97E+00	2.52E+00
12.53	3.13E+00	2.68E+00
12.54	3.26E+00	2.81E+00
12.55	3.36E+00	2.93E+00
12.56	3.45E+00	3.02E+00
12.57	3.50E+00	3.09E+00
12.58	3.53E+00	3.14E+00
12.59	3.54E+00	3.18E+00
12.6	3.52E+00	3.19E+00
12.61	3.47E+00	3.17E+00
12.62	3.40E+00	3.14E+00
12.63	3.31E+00	3.08E+00
12.64	3.18E+00	3.00E+00
12.65	3.04E+00	2.89E+00
12.66	2.86E+00	2.77E+00
12.67	2.67E+00	2.62E+00
12.68	2.45E+00	2.45E+00
12.69	2.22E+00	2.27E+00
12.7	1.97E+00	2.07E+00
12.71	1.71E+00	1.86E+00
12.72	1.44E+00	1.63E+00
12.73	1.16E+00	1.40E+00
12.74	8.73E-01	1.17E+00
12.75	5.84E-01	9.24E-01
12.76	2.93E-01	6.79E-01
12.77	5.08E-03	4.33E-01
12.78	-2.78E-01	1.90E-01
12.79	-5.54E-01	-4.79E-02
12.8	-8.19E-01	-2.79E-01
12.81	-1.07E+00	-5.01E-01
12.82	-1.31E+00	-7.12E-01
12.83	-1.53E+00	-9.11E-01
12.84	-1.73E+00	-1.09E+00
12.85	-1.91E+00	-1.26E+00
12.86	-2.07E+00	-1.41E+00
12.87	-2.20E+00	-1.54E+00
12.88	-2.31E+00	-1.65E+00
12.89	-2.39E+00	-1.74E+00
12.9	-2.45E+00	-1.80E+00
12.91	-2.48E+00	-1.84E+00
12.92	-2.47E+00	-1.85E+00
12.93	-2.44E+00	-1.84E+00
12.94	-2.39E+00	-1.81E+00
12.95	-2.31E+00	-1.75E+00
12.96	-2.20E+00	-1.67E+00
12.97	-2.07E+00	-1.57E+00
12.98	-1.92E+00	-1.45E+00
12.99	-1.74E+00	-1.31E+00
13	-1.55E+00	-1.16E+00
13.01	-1.34E+00	-9.87E-01
13.02	-1.12E+00	-8.04E-01
13.03	-8.85E-01	-6.11E-01
13.04	-6.40E-01	-4.08E-01
13.05	-3.87E-01	-1.97E-01
13.06	-1.27E-01	2.05E-02
13.07	1.37E-01	2.43E-01
13.08	4.04E-01	4.69E-01
13.09	6.72E-01	6.98E-01
13.1	9.41E-01	9.30E-01
13.11	1.21E+00	1.16E+00
13.12	1.47E+00	1.39E+00
13.13	1.73E+00	1.62E+00
13.14	1.98E+00	1.84E+00
13.15	2.22E+00	2.06E+00
13.16	2.44E+00	2.25E+00
13.17	2.64E+00	2.44E+00
13.18	2.83E+00	2.60E+00
13.19	2.98E+00	2.75E+00
13.2	3.12E+00	2.87E+00
13.21	3.22E+00	2.97E+00
13.22	3.29E+00	3.04E+00
13.23	3.33E+00	3.08E+00
13.24	3.34E+00	3.09E+00
13.25	3.32E+00	3.08E+00
13.26	3.27E+00	3.03E+00
13.27	3.18E+00	2.96E+00
13.28	3.07E+00	2.87E+00
13.29	2.93E+00	2.75E+00
13.3	2.77E+00	2.61E+00
13.31	2.59E+00	2.45E+00
13.32	2.39E+00	2.29E+00
13.33	2.18E+00	2.11E+00
13.34	1.96E+00	1.92E+00
13.35	1.73E+00	1.72E+00
13.36	1.49E+00	1.51E+00
13.37	1.24E+00	1.30E+00
13.38	9.85E-01	1.08E+00
13.39	7.27E-01	8.54E-01
13.4	4.69E-01	6.30E-01
13.41	2.11E-01	4.08E-01
13.42	-4.25E-02	1.88E-01
13.43	-2.91E-01	-2.74E-02
13.44	-5.34E-01	-2.38E-01
13.45	-7.70E-01	-4.43E-01
13.46	-9.98E-01	-6.43E-01
13.47	-1.22E+00	-8.36E-01
13.48	-1.43E+00	-1.02E+00
13.49	-1.63E+00	-1.19E+00
13.5	-1.81E+00	-1.36E+00
13.51	-1.97E+00	-1.50E+00
13.52	-2.11E+00	-1.62E+00
13.53	-2.23E+00	-1.73E+00
13.54	-2.33E+00	-1.81E+00
13.55	-2.40E+00	-1.88E+00
13.56	-2.45E+00	-1.92E+00
13.57	-2.47E+00	-1.94E+00
13.58	-2.48E+00	-1.95E+00
13.59	-2.46E+00	-1.93E+00
13.6	-2.41E+00	-1.89E+00
13.61	-2.34E+00	-1.84E+00
13.62	-2.26E+00	-1.76E+00
13.63	-2.15E+00	-1.67E+00
13.64	-2.02E+00	-1.56E+00
13.65	-1.88E+00	-1.44E+00
13.66	-1.73E+00	-1.31E+00
13.67	-1.56E+00	-1.17E+00
13.68	-1.38E+00	-1.01E+00
13.69	-1.18E+00	-8.46E-01
13.7	-9.82E-01	-6.71E-01
13.71	-7.70E-01	-4.89E-01
13.72	-5.51E-01	-2.99E-01
13.73	-3.24E-01	-1.03E-01
13.74	-9.22E-02	9.88E-02
13.75	1.43E-01	3.04E-01
13.76	3.80E-01	5.11E-01
13.77	6.18E-01	7.19E-01
13.78	8.55E-01	9.27E-01
13.79	1.09E+00	1.13E+00
13.8	1.32E+00	1.34E+00
13.81	1.55E+00	1.54E+00
13.82	1.77E+00	1.74E+00
13.83	1.98E+00	1.92E+00
13.84	2.17E+00	2.09E+00
13.85	2.34E+00	2.25E+00
13.86	2.49E+00	2.38E+00
13.87	2.62E+00	2.49E+00
13.88	2.71E+00	2.58E+00
13.89	2.78E+00	2.64E+00
13.9	2.82E+00	2.67E+00
13.91	2.83E+00	2.68E+00
13.92	2.82E+00	2.66E+00
13.93	2.77E+00	2.62E+00
13.94	2.70E+00	2.55E+00
13.95	2.60E+00	2.46E+00
13.96	2.47E+00	2.34E+00
13.97	2.33E+00	2.21E+00
13.98	2.17E+00	2.07E+00
13.99	2.00E+00	1.91E+00
14	1.81E+00	1.74E+00
14.01	1.62E+00	1.57E+00
14.02	1.42E+00	1.39E+00
14.03	1.22E+00	1.21E+00
14.04	1.02E+00	1.03E+00
14.05	8.13E-01	8.51E-01
14.06	6.06E-01	6.70E-01
14.07	3.98E-01	4.87E-01
14.08	1.89E-01	3.05E-01
14.09	-1.95E-02	1.23E-01
14.1	-2.28E-01	-5.91E-02
14.11	-4.35E-01	-2.40E-01
14.12	-6.40E-01	-4.20E-01
14.13	-8.42E-01	-5.97E-01
14.14	-1.04E+00	-7.69E-01
14.15	-1.23E+00	-9.35E-01
14.16	-1.41E+00	-1.09E+00
14.17	-1.57E+00	-1.24E+00
14.18	-1.72E+00	-1.36E+00
14.19	-1.84E+00	-1.47E+00
14.2	-1.94E+00	-1.55E+00
14.21	-2.01E+00	-1.61E+00
14.22	-2.06E+00	-1.64E+00
14.23	-2.07E+00	-1.64E+00
14.24	-2.04E+00	-1.61E+00
14.25	-1.99E+00	-1.55E+00
14.26	-1.90E+00	-1.46E+00
14.27	-1.78E+00	-1.34E+00
14.28	-1.64E+00	-1.20E+00
14.29	-1.47E+00	-1.04E+00
14.3	-1.28E+00	-8.56E-01
14.31	-1.08E+00	-6.64E-01
14.32	-8.70E-01	-4.63E-01
14.33	-6.52E-01	-2.59E-01
14.34	-4.31E-01	-5.28E-02
14.35	-2.11E-01	1.51E-01
14.36	6.94E-03	3.51E-01
14.37	2.22E-01	5.47E-01
14.38	4.31E-01	7.36E-01
14.39	6.36E-01	9.19E-01
14.4	8.36E-01	1.10E+00
14.41	1.03E+00	1.27E+00
14.42	1.22E+00	1.43E+00
14.43	1.40E+00	1.60E+00
14.44	1.58E+00	1.75E+00
14.45	1.75E+00	1.89E+00
14.46	1.91E+00	2.03E+00
14.47	2.06E+00	2.16E+00
14.48	2.19E+00	2.27E+00
14.49	2.31E+00	2.36E+00
14.5	2.41E+00	2.44E+00
14.51	2.50E+00	2.51E+00
14.52	2.56E+00	2.55E+00
14.53	2.60E+00	2.57E+00
14.54	2.61E+00	2.57E+00
14.55	2.60E+00	2.54E+00
14.56	2.56E+00	2.49E+00
14.57	2.50E+00	2.42E+00
14.58	2.42E+00	2.33E+00
14.59	2.31E+00	2.22E+00
14.6	2.18E+00	2.09E+00
14.61	2.04E+00	1.94E+00
14.62	1.88E+00	1.78E+00
14.63	1.70E+00	1.60E+00
14.64	1.51E+00	1.42E+00
14.65	1.31E+00	1.23E+00
14.66	1.11E+00	1.03E+00
14.67	8.96E-01	8.35E-01
14.68	6.82E-01	6.33E-01
14.69	4.66E-01	4.32E-01
14.7	2.50E-01	2.31E-01
14.71	3.53E-02	3.38E-02
14.72	-1.77E-01	-1.60E-01
14.73	-3.84E-01	-3.48E-01
14.74	-5.85E-01	-5.28E-01
14.75	-7.77E-01	-7.00E-01
14.76	-9.60E-01	-8.60E-01
14.77	-1.13E+00	-1.01E+00
14.78	-1.28E+00	-1.14E+00
14.79	-1.42E+00	-1.25E+00
14.8	-1.54E+00	-1.35E+00
14.81	-1.64E+00	-1.42E+00
14.82	-1.72E+00	-1.48E+00
14.83	-1.78E+00	-1.52E+00
14.84	-1.82E+00	-1.54E+00
14.85	-1.85E+00	-1.55E+00
14.86	-1.86E+00	-1.54E+00
14.87	-1.85E+00	-1.51E+00
14.88	-1.82E+00	-1.47E+00
14.89	-1.78E+00	-1.41E+00
14.9	-1.72E+00	-1.34E+00
14.91	-1.64E+00	-1.26E+00
14.92	-1.55E+00	-1.16E+00
14.93	-1.45E+00	-1.05E+00
14.94	-1.33E+00	-9.28E-01
14.95	-1.20E+00	-7.95E-01
14.96	-1.06E+00	-6.52E-01
14.97	-9.03E-01	-5.00E-01
14.98	-7.38E-01	-3.39E-01
14.99	-5.65E-01	-1.71E-01
15	-3.84E-01	2.56E-03
15.01	-1.96E-01	1.81E-01
15.02	-2.30E-03	3.64E-01
15.03	1.95E-01	5.48E-01
15.04	3.94E-01	7.33E-01
15.05	5.93E-01	9.16E-01
15.06	7.91E-01	1.10E+00
15.07	9.86E-01	1.27E+00
15.08	1.18E+00	1.44E+00
15.09	1.36E+00	1.61E+00
15.1	1.54E+00	1.76E+00
15.11	1.70E+00	1.90E+00
15.12	1.85E+00	2.03E+00
15.13	1.99E+00	2.15E+00
15.14	2.11E+00	2.24E+00
15.15	2.21E+00	2.32E+00
15.16	2.29E+00	2.39E+00
15.17	2.36E+00	2.43E+00
15.18	2.41E+00	2.46E+00
15.19	2.44E+00	2.47E+00
15.2	2.44E+00	2.46E+00
15.21	2.43E+00	2.43E+00
15.22	2.40E+00	2.39E+00
15.23	2.35E+00	2.32E+00
15.24	2.28E+00	2.24E+00
15.25	2.20E+00	2.15E+00
15.26	2.09E+00	2.04E+00
15.27	1.98E+00	1.91E+00
15.28	1.85E+00	1.78E+00
15.29	1.70E+00	1.63E+00
15.3	1.54E+00	1.47E+00
15.31	1.37E+00	1.30E+00
15.32	1.20E+00	1.13E+00
15.33	1.01E+00	9.44E-01
15.34	8.19E-01	7.60E-01
15.35	6.24E-01	5.73E-01
15.36	4.26E-01	3.86E-01
15.37	2.29E-01	2.01E-01
15.38	3.33E-02	1.93E-02
15.39	-1.59E-01	-1.57E-01
15.4	-3.45E-01	-3.27E-01
15.41	-5.26E-01	-4.90E-01
15.42	-6.98E-01	-6.43E-01
15.43	-8.60E-01	-7.85E-01
15.44	-1.01E+00	-9.15E-01
15.45	-1.15E+00	-1.03E+00
15.46	-1.26E+00	-1.13E+00
15.47	-1.37E+00	-1.21E+00
15.48	-1.45E+00	-1.27E+00
15.49	-1.51E+00	-1.31E+00
15.5	-1.55E+00	-1.33E+00
15.51	-1.58E+00	-1.34E+00
15.52	-1.58E+00	-1.32E+00
15.53	-1.56E+00	-1.28E+00
15.54	-1.52E+00	-1.22E+00
15.55	-1.46E+00	-1.15E+00
15.56	-1.39E+00	-1.06E+00
15.57	-1.29E+00	-9.54E-01
15.58	-1.18E+00	-8.32E-01
15.59	-1.06E+00	-6.96E-01
15.6	-9.19E-01	-5.48E-01
15.61	-7.67E-01	-3.89E-01
15.62	-6.05E-01	-2.22E-01
15.63	-4.35E-01	-4.99E-02
15.64	-2.61E-01	1.26E-01
15.65	-8.33E-02	3.02E-01
15.66	9.46E-02	4.77E-01
15.67	2.71E-01	6.48E-01
15.68	4.43E-01	8.13E-01
15.69	6.08E-01	9.70E-01
15.7	7.66E-01	1.12E+00
15.71	9.15E-01	1.25E+00
15.72	1.05E+00	1.38E+00
15.73	1.18E+00	1.49E+00
15.74	1.30E+00	1.59E+00
15.75	1.40E+00	1.68E+00
15.76	1.49E+00	1.75E+00
15.77	1.57E+00	1.81E+00
15.78	1.64E+00	1.86E+00
15.79	1.70E+00	1.90E+00
15.8	1.74E+00	1.92E+00
15.81	1.76E+00	1.92E+00
15.82	1.78E+00	1.92E+00
15.83	1.78E+00	1.90E+00
15.84	1.76E+00	1.86E+00
15.85	1.73E+00	1.81E+00
15.86	1.69E+00	1.75E+00
15.87	1.63E+00	1.68E+00
15.88	1.57E+00	1.59E+00
15.89	1.49E+00	1.50E+00
15.9	1.40E+00	1.39E+00
15.91	1.30E+00	1.28E+00
15.92	1.19E+00	1.16E+00
15.93	1.07E+00	1.03E+00
15.94	9.44E-01	9.02E-01
15.95	8.15E-01	7.67E-01
15.96	6.81E-01	6.30E-01
15.97	5.46E-01	4.93E-01
15.98	4.09E-01	3.56E-01
15.99	2.72E-01	2.21E-01
16	1.36E-01	8.93E-02
16.01	2.24E-03	-3.88E-02
16.02	-1.28E-01	-1.62E-01
16.03	-2.54E-01	-2.78E-01
16.04	-3.74E-01	-3.88E-01
16.05	-4.87E-01	-4.89E-01
16.06	-5.92E-01	-5.80E-01
16.07	-6.88E-01	-6.61E-01
16.08	-7.73E-01	-7.31E-01
16.09	-8.47E-01	-7.87E-01
16.1	-9.07E-01	-8.30E-01
16.11	-9.54E-01	-8.59E-01
16.12	-9.86E-01	-8.72E-01
16.13	-1.00E+00	-8.69E-01
16.14	-1.00E+00	-8.51E-01
16.15	-9.90E-01	-8.18E-01
16.16	-9.62E-01	-7.70E-01
16.17	-9.22E-01	-7.11E-01
16.18	-8.72E-01	-6.42E-01
16.19	-8.14E-01	-5.66E-01
16.2	-7.49E-01	-4.84E-01
16.21	-6.79E-01	-3.98E-01
16.22	-6.05E-01	-3.09E-01
16.23	-5.28E-01	-2.18E-01
16.24	-4.48E-01	-1.27E-01
16.25	-3.68E-01	-3.59E-02
16.26	-2.87E-01	5.42E-02
16.27	-2.05E-01	1.43E-01
16.28	-1.22E-01	2.32E-01
16.29	-3.66E-02	3.22E-01
16.3	5.16E-02	4.12E-01
16.31	1.43E-01	5.04E-01
16.32	2.37E-01	5.97E-01
16.33	3.35E-01	6.92E-01
16.34	4.36E-01	7.89E-01
16.35	5.40E-01	8.87E-01
16.36	6.47E-01	9.86E-01
16.37	7.55E-01	1.08E+00
16.38	8.62E-01	1.18E+00
16.39	9.67E-01	1.27E+00
16.4	1.07E+00	1.36E+00
16.41	1.16E+00	1.44E+00
16.42	1.25E+00	1.51E+00
16.43	1.33E+00	1.57E+00
16.44	1.39E+00	1.62E+00
16.45	1.45E+00	1.66E+00
16.46	1.49E+00	1.68E+00
16.47	1.52E+00	1.69E+00
16.48	1.53E+00	1.69E+00
16.49	1.53E+00	1.67E+00
16.5	1.52E+00	1.64E+00
16.51	1.50E+00	1.60E+00
16.52	1.46E+00	1.55E+00
16.53	1.42E+00	1.49E+00
16.54	1.36E+00	1.42E+00
16.55	1.30E+00	1.34E+00
16.56	1.23E+00	1.26E+00
16.57	1.16E+00	1.17E+00
16.58	1.08E+00	1.08E+00
16.59	9.89E-01	9.84E-01
16.6	8.97E-01	8.85E-01
16.61	7.99E-01	7.81E-01
16.62	6.97E-01	6.73E-01
16.63	5.89E-01	5.62E-01
16.64	4.77E-01	4.49E-01
16.65	3.62E-01	3.34E-01
16.66	2.45E-01	2.18E-01
16.67	1.25E-01	1.02E-01
16.68	5.84E-03	-1.30E-02
16.69	-1.13E-01	-1.25E-01
16.7	-2.29E-01	-2.33E-01
16.71	-3.41E-01	-3.35E-01
16.72	-4.49E-01	-4.32E-01
16.73	-5.49E-01	-5.20E-01
16.74	-6.42E-01	-5.99E-01
16.75	-7.27E-01	-6.69E-01
16.76	-8.01E-01	-7.27E-01
16.77	-8.64E-01	-7.75E-01
16.78	-9.17E-01	-8.10E-01
16.79	-9.58E-01	-8.34E-01
16.8	-9.88E-01	-8.47E-01
16.81	-1.01E+00	-8.49E-01
16.82	-1.02E+00	-8.41E-01
16.83	-1.02E+00	-8.23E-01
16.84	-1.00E+00	-7.94E-01
16.85	-9.80E-01	-7.55E-01
16.86	-9.46E-01	-7.05E-01
16.87	-8.99E-01	-6.44E-01
16.88	-8.41E-01	-5.71E-01
16.89	-7.69E-01	-4.86E-01
16.9	-6.84E-01	-3.90E-01
16.91	-5.87E-01	-2.81E-01
16.92	-4.77E-01	-1.61E-01
16.93	-3.54E-01	-3.03E-02
16.94	-2.21E-01	1.10E-01
16.95	-7.72E-02	2.59E-01
16.96	7.51E-02	4.16E-01
16.97	2.34E-01	5.77E-01
16.98	3.96E-01	7.40E-01
16.99	5.60E-01	9.02E-01
17	7.22E-01	1.06E+00
17.01	8.80E-01	1.21E+00
17.02	1.03E+00	1.36E+00
17.03	1.17E+00	1.49E+00
17.04	1.30E+00	1.61E+00
17.05	1.42E+00	1.72E+00
17.06	1.52E+00	1.81E+00
17.07	1.60E+00	1.88E+00
17.08	1.68E+00	1.94E+00
17.09	1.73E+00	1.98E+00
17.1	1.78E+00	2.01E+00
17.11	1.81E+00	2.02E+00
17.12	1.82E+00	2.02E+00
17.13	1.83E+00	2.01E+00
17.14	1.82E+00	1.99E+00
17.15	1.81E+00	1.96E+00
17.16	1.78E+00	1.91E+00
17.17	1.74E+00	1.86E+00
17.18	1.69E+00	1.79E+00
17.19	1.63E+00	1.72E+00
17.2	1.56E+00	1.63E+00
17.21	1.47E+00	1.53E+00
17.22	1.37E+00	1.42E+00
17.23	1.26E+00	1.29E+00
17.24	1.13E+00	1.15E+00
17.25	9.95E-01	1.00E+00
17.26	8.44E-01	8.45E-01
17.27	6.83E-01	6.77E-01
17.28	5.15E-01	5.04E-01
17.29	3.41E-01	3.26E-01
17.3	1.65E-01	1.48E-01
17.31	-1.03E-02	-2.81E-02
17.32	-1.82E-01	-1.99E-01
17.33	-3.48E-01	-3.62E-01
17.34	-5.06E-01	-5.15E-01
17.35	-6.54E-01	-6.56E-01
17.36	-7.90E-01	-7.85E-01
17.37	-9.15E-01	-9.01E-01
17.38	-1.03E+00	-1.00E+00
17.39	-1.13E+00	-1.09E+00
17.4	-1.21E+00	-1.17E+00
17.41	-1.29E+00	-1.23E+00
17.42	-1.35E+00	-1.28E+00
17.43	-1.40E+00	-1.31E+00
17.44	-1.45E+00	-1.34E+00
17.45	-1.48E+00	-1.36E+00
17.46	-1.50E+00	-1.36E+00
17.47	-1.51E+00	-1.36E+00
17.48	-1.51E+00	-1.34E+00
17.49	-1.50E+00	-1.32E+00
17.5	-1.48E+00	-1.28E+00
17.51	-1.45E+00	-1.23E+00
17.52	-1.41E+00	-1.17E+00
17.53	-1.35E+00	-1.10E+00
17.54	-1.28E+00	-1.01E+00
17.55	-1.20E+00	-9.17E-01
17.56	-1.10E+00	-8.09E-01
17.57	-9.95E-01	-6.91E-01
17.58	-8.78E-01	-5.64E-01
17.59	-7.52E-01	-4.30E-01
17.6	-6.19E-01	-2.90E-01
17.61	-4.80E-01	-1.45E-01
17.62	-3.37E-01	1.86E-03
17.63	-1.90E-01	1.50E-01
17.64	-4.15E-02	2.99E-01
17.65	1.09E-01	4.49E-01
17.66	2.62E-01	5.99E-01
17.67	4.15E-01	7.48E-01
17.68	5.70E-01	8.97E-01
17.69	7.24E-01	1.05E+00
17.7	8.79E-01	1.19E+00
17.71	1.03E+00	1.34E+00
17.72	1.19E+00	1.48E+00
17.73	1.34E+00	1.62E+00
17.74	1.49E+00	1.76E+00
17.75	1.63E+00	1.89E+00
17.76	1.77E+00	2.01E+00
17.77	1.89E+00	2.12E+00
17.78	2.01E+00	2.22E+00
17.79	2.10E+00	2.30E+00
17.8	2.18E+00	2.36E+00
17.81	2.25E+00	2.41E+00
17.82	2.29E+00	2.43E+00
17.83	2.31E+00	2.43E+00
17.84	2.31E+00	2.42E+00
17.85	2.29E+00	2.38E+00
17.86	2.25E+00	2.32E+00
17.87	2.19E+00	2.25E+00
17.88	2.11E+00	2.16E+00
17.89	2.02E+00	2.05E+00
17.9	1.91E+00	1.93E+00
17.91	1.79E+00	1.80E+00
17.92	1.67E+00	1.67E+00
17.93	1.54E+00	1.53E+00
17.94	1.40E+00	1.39E+00
17.95	1.26E+00	1.24E+00
17.96	1.11E+00	1.09E+00
17.97	9.61E-01	9.42E-01
17.98	8.09E-01	7.89E-01
17.99	6.54E-01	6.35E-01
18	4.97E-01	4.80E-01
18.01	3.38E-01	3.25E-01
18.02	1.79E-01	1.71E-01
18.03	2.05E-02	1.90E-02
18.04	-1.37E-01	-1.30E-01
18.05	-2.91E-01	-2.75E-01
18.06	-4.41E-01	-4.15E-01
18.07	-5.85E-01	-5.47E-01
18.08	-7.22E-01	-6.70E-01
18.09	-8.49E-01	-7.84E-01
18.1	-9.66E-01	-8.85E-01
18.11	-1.07E+00	-9.72E-01
18.12	-1.16E+00	-1.04E+00
18.13	-1.23E+00	-1.10E+00
18.14	-1.29E+00	-1.14E+00
18.15	-1.33E+00	-1.16E+00
18.16	-1.35E+00	-1.17E+00
18.17	-1.36E+00	-1.16E+00
18.18	-1.35E+00	-1.13E+00
18.19	-1.33E+00	-1.10E+00
18.2	-1.29E+00	-1.05E+00
18.21	-1.25E+00	-9.88E-01
18.22	-1.19E+00	-9.20E-01
18.23	-1.13E+00	-8.44E-01
18.24	-1.06E+00	-7.61E-01
18.25	-9.77E-01	-6.70E-01
18.26	-8.88E-01	-5.72E-01
18.27	-7.91E-01	-4.68E-01
18.28	-6.88E-01	-3.59E-01
18.29	-5.77E-01	-2.43E-01
18.3	-4.60E-01	-1.23E-01
18.31	-3.37E-01	2.83E-03
18.32	-2.08E-01	1.33E-01
18.33	-7.29E-02	2.67E-01
18.34	6.64E-02	4.04E-01
18.35	2.09E-01	5.42E-01
18.36	3.53E-01	6.81E-01
18.37	4.97E-01	8.18E-01
18.38	6.40E-01	9.52E-01
18.39	7.79E-01	1.08E+00
18.4	9.13E-01	1.20E+00
18.41	1.04E+00	1.32E+00
18.42	1.16E+00	1.42E+00
18.43	1.27E+00	1.52E+00
18.44	1.37E+00	1.61E+00
18.45	1.47E+00	1.68E+00
18.46	1.55E+00	1.75E+00
18.47	1.62E+00	1.80E+00
18.48	1.68E+00	1.85E+00
18.49	1.73E+00	1.88E+00
18.5	1.77E+00	1.91E+00
18.51	1.80E+00	1.92E+00
18.52	1.82E+00	1.92E+00
18.53	1.83E+00	1.92E+00
18.54	1.83E+00	1.91E+00
18.55	1.83E+00	1.89E+00
18.56	1.81E+00	1.86E+00
18.57	1.78E+00	1.82E+00
18.58	1.75E+00	1.77E+00
18.59	1.70E+00	1.71E+00
18.6	1.64E+00	1.65E+00
18.61	1.57E+00	1.56E+00
18.62	1.48E+00	1.47E+00
18.63	1.38E+00	1.37E+00
18.64	1.28E+00	1.26E+00
18.65	1.16E+00	1.15E+00
18.66	1.04E+00	1.02E+00
18.67	9.10E-01	8.95E-01
18.68	7.75E-01	7.62E-01
18.69	6.34E-01	6.26E-01
18.7	4.89E-01	4.87E-01
18.71	3.41E-01	3.47E-01
18.72	1.92E-01	2.06E-01
18.73	4.19E-02	6.68E-02
18.74	-1.07E-01	-7.06E-02
18.75	-2.53E-01	-2.05E-01
18.76	-3.96E-01	-3.34E-01
18.77	-5.33E-01	-4.58E-01
18.78	-6.65E-01	-5.76E-01
18.79	-7.89E-01	-6.85E-01
18.8	-9.04E-01	-7.84E-01
18.81	-1.01E+00	-8.73E-01
18.82	-1.10E+00	-9.49E-01
18.83	-1.18E+00	-1.01E+00
18.84	-1.24E+00	-1.06E+00
18.85	-1.29E+00	-1.09E+00
18.86	-1.33E+00	-1.12E+00
18.87	-1.35E+00	-1.12E+00
18.88	-1.35E+00	-1.11E+00
18.89	-1.34E+00	-1.09E+00
18.9	-1.32E+00	-1.05E+00
18.91	-1.28E+00	-9.95E-01
18.92	-1.22E+00	-9.32E-01
18.93	-1.16E+00	-8.59E-01
18.94	-1.09E+00	-7.78E-01
18.95	-1.01E+00	-6.91E-01
18.96	-9.23E-01	-5.98E-01
18.97	-8.29E-01	-4.99E-01
18.98	-7.28E-01	-3.96E-01
18.99	-6.22E-01	-2.88E-01
19	-5.10E-01	-1.77E-01
19.01	-3.95E-01	-6.25E-02
19.02	-2.75E-01	5.41E-02
19.03	-1.51E-01	1.73E-01
19.04	-2.43E-02	2.95E-01
19.05	1.06E-01	4.18E-01
19.06	2.40E-01	5.44E-01
19.07	3.77E-01	6.72E-01
19.08	5.16E-01	8.01E-01
19.09	6.56E-01	9.30E-01
19.1	7.97E-01	1.06E+00
19.11	9.35E-01	1.18E+00
19.12	1.07E+00	1.31E+00
19.13	1.20E+00	1.42E+00
19.14	1.32E+00	1.52E+00
19.15	1.43E+00	1.62E+00
19.16	1.52E+00	1.70E+00
19.17	1.60E+00	1.76E+00
19.18	1.67E+00	1.81E+00
19.19	1.72E+00	1.85E+00
19.2	1.75E+00	1.86E+00
19.21	1.77E+00	1.87E+00
19.22	1.77E+00	1.85E+00
19.23	1.75E+00	1.82E+00
19.24	1.72E+00	1.77E+00
19.25	1.67E+00	1.71E+00
19.26	1.61E+00	1.64E+00
19.27	1.54E+00	1.56E+00
19.28	1.45E+00	1.47E+00
19.29	1.36E+00	1.37E+00
19.3	1.26E+00	1.27E+00
19.31	1.16E+00	1.16E+00
19.32	1.05E+00	1.05E+00
19.33	9.44E-01	9.40E-01
19.34	8.32E-01	8.27E-01
19.35	7.18E-01	7.15E-01
19.36	6.04E-01	6.03E-01
19.37	4.89E-01	4.92E-01
19.38	3.75E-01	3.83E-01
19.39	2.63E-01	2.77E-01
19.4	1.52E-01	1.73E-01
19.41	4.31E-02	7.33E-02
19.42	-6.31E-02	-2.31E-02
19.43	-1.66E-01	-1.15E-01
19.44	-2.67E-01	-2.04E-01
19.45	-3.63E-01	-2.87E-01
19.46	-4.55E-01	-3.66E-01
19.47	-5.42E-01	-4.38E-01
19.48	-6.23E-01	-5.04E-01
19.49	-6.96E-01	-5.62E-01
19.5	-7.59E-01	-6.10E-01
19.51	-8.13E-01	-6.49E-01
19.52	-8.56E-01	-6.76E-01
19.53	-8.87E-01	-6.92E-01
19.54	-9.04E-01	-6.95E-01
19.55	-9.08E-01	-6.85E-01
19.56	-8.98E-01	-6.62E-01
19.57	-8.75E-01	-6.26E-01
19.58	-8.38E-01	-5.77E-01
19.59	-7.90E-01	-5.18E-01
19.6	-7.30E-01	-4.49E-01
19.61	-6.60E-01	-3.70E-01
19.62	-5.82E-01	-2.83E-01
19.63	-4.96E-01	-1.91E-01
19.64	-4.05E-01	-9.44E-02
19.65	-3.10E-01	4.38E-03
19.66	-2.14E-01	1.03E-01
19.67	-1.17E-01	2.01E-01
19.68	-2.24E-02	2.96E-01
19.69	7.04E-02	3.88E-01
19.7	1.60E-01	4.75E-01
19.71	2.46E-01	5.57E-01
19.72	3.28E-01	6.34E-01
19.73	4.05E-01	7.04E-01
19.74	4.77E-01	7.68E-01
19.75	5.43E-01	8.25E-01
19.76	6.03E-01	8.76E-01
19.77	6.58E-01	9.20E-01
19.78	7.07E-01	9.57E-01
19.79	7.50E-01	9.88E-01
19.8	7.87E-01	1.01E+00
19.81	8.18E-01	1.03E+00
19.82	8.42E-01	1.04E+00
19.83	8.60E-01	1.04E+00
19.84	8.71E-01	1.04E+00
19.85	8.75E-01	1.03E+00
19.86	8.72E-01	1.01E+00
19.87	8.63E-01	9.91E-01
19.88	8.47E-01	9.62E-01
19.89	8.26E-01	9.27E-01
19.9	7.99E-01	8.88E-01
19.91	7.67E-01	8.45E-01
19.92	7.31E-01	7.98E-01
19.93	6.91E-01	7.48E-01
19.94	6.47E-01	6.95E-01
19.95	6.01E-01	6.41E-01
19.96	5.52E-01	5.86E-01
19.97	5.03E-01	5.30E-01
19.98	4.52E-01	4.75E-01
19.99	4.02E-01	4.22E-01
20	3.53E-01	3.72E-01
20.01	3.07E-01	3.24E-01
20.02	2.63E-01	2.82E-01
20.03	2.24E-01	2.44E-01
20.04	1.90E-01	2.13E-01
20.05	1.60E-01	1.88E-01
20.06	1.37E-01	1.70E-01
20.07	1.20E-01	1.60E-01
20.08	1.10E-01	1.57E-01
20.09	1.07E-01	1.63E-01
20.1	1.11E-01	1.76E-01
20.11	1.22E-01	1.97E-01
20.12	1.39E-01	2.25E-01
20.13	1.62E-01	2.59E-01
20.14	1.89E-01	2.99E-01
20.15	2.20E-01	3.42E-01
20.16	2.54E-01	3.88E-01
20.17	2.87E-01	4.34E-01
20.18	3.20E-01	4.79E-01
20.19	3.50E-01	5.22E-01
20.2	3.77E-01	5.61E-01
20.21	4.00E-01	5.96E-01
20.22	4.17E-01	6.24E-01
20.23	4.28E-01	6.46E-01
20.24	4.33E-01	6.61E-01
20.25	4.32E-01	6.70E-01
20.26	4.26E-01	6.73E-01
20.27	4.15E-01	6.69E-01
20.28	3.99E-01	6.61E-01
20.29	3.80E-01	6.49E-01
20.3	3.60E-01	6.33E-01
20.31	3.40E-01	6.17E-01
20.32	3.20E-01	6.01E-01
20.33	3.03E-01	5.85E-01
20.34	2.89E-01	5.72E-01
20.35	2.79E-01	5.62E-01
20.36	2.74E-01	5.56E-01
20.37	2.73E-01	5.53E-01
20.38	2.78E-01	5.54E-01
20.39	2.86E-01	5.58E-01
20.4	2.97E-01	5.64E-01
20.41	3.11E-01	5.72E-01
20.42	3.27E-01	5.80E-01
20.43	3.43E-01	5.89E-01
20.44	3.59E-01	5.96E-01
20.45	3.74E-01	6.01E-01
20.46	3.86E-01	6.04E-01
20.47	3.95E-01	6.02E-01
20.48	3.99E-01	5.96E-01
20.49	3.99E-01	5.86E-01
20.5	3.95E-01	5.71E-01
20.51	3.88E-01	5.53E-01
20.52	3.78E-01	5.33E-01
20.53	3.67E-01	5.11E-01
20.54	3.56E-01	4.90E-01
20.55	3.45E-01	4.69E-01
20.56	3.36E-01	4.51E-01
20.57	3.30E-01	4.36E-01
20.58	3.28E-01	4.25E-01
20.59	3.31E-01	4.20E-01
20.6	3.38E-01	4.20E-01
20.61	3.50E-01	4.26E-01
20.62	3.67E-01	4.37E-01
20.63	3.87E-01	4.53E-01
20.64	4.10E-01	4.72E-01
20.65	4.35E-01	4.93E-01
20.66	4.60E-01	5.16E-01
20.67	4.83E-01	5.38E-01
20.68	5.03E-01	5.57E-01
20.69	5.18E-01	5.73E-01
20.7	5.28E-01	5.85E-01
20.71	5.30E-01	5.90E-01
20.72	5.25E-01	5.88E-01
20.73	5.12E-01	5.78E-01
20.74	4.89E-01	5.61E-01
20.75	4.58E-01	5.35E-01
20.76	4.18E-01	5.02E-01
20.77	3.71E-01	4.62E-01
20.78	3.18E-01	4.17E-01
20.79	2.61E-01	3.67E-01
20.8	2.01E-01	3.15E-01
20.81	1.39E-01	2.63E-01
20.82	7.88E-02	2.11E-01
20.83	2.13E-02	1.63E-01
20.84	-3.15E-02	1.20E-01
20.85	-7.83E-02	8.23E-02
20.86	-1.18E-01	5.22E-02
20.87	-1.49E-01	3.04E-02
20.88	-1.71E-01	1.75E-02
20.89	-1.83E-01	1.33E-02
20.9	-1.87E-01	1.76E-02
20.91	-1.83E-01	2.95E-02
20.92	-1.72E-01	4.84E-02
20.93	-1.53E-01	7.39E-02
20.94	-1.28E-01	1.05E-01
20.95	-9.72E-02	1.41E-01
20.96	-6.18E-02	1.82E-01
20.97	-2.26E-02	2.25E-01
20.98	1.92E-02	2.70E-01
20.99	6.23E-02	3.16E-01
21	1.06E-01	3.61E-01
21.01	1.48E-01	4.04E-01
21.02	1.90E-01	4.46E-01
21.03	2.31E-01	4.87E-01
21.04	2.72E-01	5.25E-01
21.05	3.11E-01	5.63E-01
21.06	3.50E-01	5.99E-01
21.07	3.89E-01	6.34E-01
21.08	4.28E-01	6.68E-01
21.09	4.67E-01	7.02E-01
21.1	5.07E-01	7.35E-01
21.11	5.47E-01	7.69E-01
21.12	5.88E-01	8.04E-01
21.13	6.31E-01	8.39E-01
21.14	6.75E-01	8.74E-01
21.15	7.19E-01	9.11E-01
21.16	7.63E-01	9.46E-01
21.17	8.05E-01	9.80E-01
21.18	8.45E-01	1.01E+00
21.19	8.82E-01	1.04E+00
21.2	9.14E-01	1.06E+00
21.21	9.40E-01	1.08E+00
21.22	9.60E-01	1.09E+00
21.23	9.73E-01	1.10E+00
21.24	9.77E-01	1.09E+00
21.25	9.73E-01	1.08E+00
21.26	9.60E-01	1.06E+00
21.27	9.37E-01	1.03E+00
21.28	9.06E-01	9.96E-01
21.29	8.65E-01	9.51E-01
21.3	8.16E-01	8.97E-01
21.31	7.59E-01	8.36E-01
21.32	6.94E-01	7.68E-01
21.33	6.23E-01	6.96E-01
21.34	5.48E-01	6.19E-01
21.35	4.68E-01	5.38E-01
21.36	3.86E-01	4.56E-01
21.37	3.02E-01	3.74E-01
21.38	2.18E-01	2.91E-01
21.39	1.33E-01	2.09E-01
21.4	5.04E-02	1.29E-01
21.41	-3.08E-02	5.22E-02
21.42	-1.10E-01	-2.19E-02
21.43	-1.85E-01	-9.20E-02
21.44	-2.56E-01	-1.58E-01
21.45	-3.23E-01	-2.18E-01
21.46	-3.85E-01	-2.73E-01
21.47	-4.41E-01	-3.21E-01
21.48	-4.90E-01	-3.63E-01
21.49	-5.32E-01	-3.97E-01
21.5	-5.68E-01	-4.24E-01
21.51	-5.95E-01	-4.43E-01
21.52	-6.15E-01	-4.54E-01
21.53	-6.26E-01	-4.57E-01
21.54	-6.30E-01	-4.52E-01
21.55	-6.25E-01	-4.40E-01
21.56	-6.13E-01	-4.20E-01
21.57	-5.94E-01	-3.93E-01
21.58	-5.69E-01	-3.60E-01
21.59	-5.38E-01	-3.22E-01
21.6	-5.02E-01	-2.79E-01
21.61	-4.61E-01	-2.33E-01
21.62	-4.18E-01	-1.84E-01
21.63	-3.71E-01	-1.32E-01
21.64	-3.21E-01	-7.87E-02
21.65	-2.70E-01	-2.39E-02
21.66	-2.17E-01	3.17E-02
21.67	-1.63E-01	8.75E-02
21.68	-1.09E-01	1.43E-01
21.69	-5.46E-02	1.97E-01
21.7	-1.27E-03	2.50E-01
21.71	5.09E-02	3.01E-01
21.72	1.02E-01	3.50E-01
21.73	1.50E-01	3.96E-01
21.74	1.96E-01	4.38E-01
21.75	2.39E-01	4.77E-01
21.76	2.78E-01	5.12E-01
21.77	3.13E-01	5.42E-01
21.78	3.45E-01	5.68E-01
21.79	3.73E-01	5.90E-01
21.8	3.98E-01	6.08E-01
21.81	4.21E-01	6.23E-01
21.82	4.41E-01	6.36E-01
21.83	4.61E-01	6.48E-01
21.84	4.80E-01	6.59E-01
21.85	4.99E-01	6.70E-01
21.86	5.19E-01	6.82E-01
21.87	5.41E-01	6.96E-01
21.88	5.65E-01	7.12E-01
21.89	5.92E-01	7.31E-01
21.9	6.21E-01	7.53E-01
21.91	6.52E-01	7.76E-01
21.92	6.84E-01	8.02E-01
21.93	7.17E-01	8.29E-01
21.94	7.50E-01	8.56E-01
21.95	7.83E-01	8.83E-01
21.96	8.14E-01	9.09E-01
21.97	8.42E-01	9.33E-01
21.98	8.67E-01	9.54E-01
21.99	8.88E-01	9.72E-01
22	9.04E-01	9.85E-01
22.01	9.12E-01	9.92E-01
22.02	9.14E-01	9.92E-01
22.03	9.07E-01	9.85E-01
22.04	8.92E-01	9.70E-01
22.05	8.69E-01	9.47E-01
22.06	8.38E-01	9.18E-01
22.07	7.99E-01	8.82E-01
22.08	7.55E-01	8.40E-01
22.09	7.05E-01	7.93E-01
22.1	6.51E-01	7.43E-01
22.11	5.93E-01	6.91E-01
22.12	5.34E-01	6.37E-01
22.13	4.74E-01	5.82E-01
22.14	4.14E-01	5.29E-01
22.15	3.57E-01	4.78E-01
22.16	3.02E-01	4.29E-01
22.17	2.51E-01	3.85E-01
22.18	2.05E-01	3.46E-01
22.19	1.63E-01	3.11E-01
22.2	1.25E-01	2.80E-01
22.21	9.17E-02	2.54E-01
22.22	6.28E-02	2.32E-01
22.23	3.80E-02	2.14E-01
22.24	1.69E-02	2.00E-01
22.25	-8.87E-04	1.88E-01
22.26	-1.57E-02	1.80E-01
22.27	-2.78E-02	1.74E-01
22.28	-3.74E-02	1.70E-01
22.29	-4.47E-02	1.67E-01
22.3	-4.97E-02	1.67E-01
22.31	-5.23E-02	1.69E-01
22.32	-5.26E-02	1.72E-01
22.33	-5.02E-02	1.78E-01
22.34	-4.48E-02	1.85E-01
22.35	-3.61E-02	1.96E-01
22.36	-2.38E-02	2.10E-01
22.37	-7.89E-03	2.26E-01
22.38	1.18E-02	2.46E-01
22.39	3.50E-02	2.68E-01
22.4	6.17E-02	2.94E-01
22.41	9.14E-02	3.22E-01
22.42	1.24E-01	3.51E-01
22.43	1.58E-01	3.82E-01
22.44	1.93E-01	4.14E-01
22.45	2.29E-01	4.46E-01
22.46	2.64E-01	4.77E-01
22.47	3.00E-01	5.07E-01
22.48	3.34E-01	5.36E-01
22.49	3.66E-01	5.63E-01
22.5	3.96E-01	5.87E-01
22.51	4.23E-01	6.08E-01
22.52	4.47E-01	6.25E-01
22.53	4.67E-01	6.39E-01
22.54	4.83E-01	6.49E-01
22.55	4.94E-01	6.54E-01
22.56	5.01E-01	6.55E-01
22.57	5.04E-01	6.51E-01
22.58	5.00E-01	6.41E-01
22.59	4.92E-01	6.27E-01
22.6	4.79E-01	6.09E-01
22.61	4.62E-01	5.86E-01
22.62	4.42E-01	5.62E-01
22.63	4.20E-01	5.35E-01
22.64	3.96E-01	5.07E-01
22.65	3.71E-01	4.78E-01
22.66	3.46E-01	4.50E-01
22.67	3.21E-01	4.23E-01
22.68	2.99E-01	3.98E-01
22.69	2.80E-01	3.77E-01
22.7	2.64E-01	3.61E-01
22.71	2.53E-01	3.50E-01
22.72	2.47E-01	3.43E-01
22.73	2.45E-01	3.42E-01
22.74	2.47E-01	3.46E-01
22.75	2.53E-01	3.54E-01
22.76	2.63E-01	3.67E-01
22.77	2.77E-01	3.83E-01
22.78	2.93E-01	4.03E-01
22.79	3.11E-01	4.25E-01
22.8	3.31E-01	4.49E-01
22.81	3.51E-01	4.73E-01
22.82	3.71E-01	4.98E-01
22.83	3.90E-01	5.22E-01
22.84	4.08E-01	5.45E-01
22.85	4.23E-01	5.65E-01
22.86	4.35E-01	5.83E-01
22.87	4.45E-01	5.98E-01
22.88	4.50E-01	6.09E-01
22.89	4.53E-01	6.17E-01
22.9	4.52E-01	6.21E-01
22.91	4.47E-01	6.22E-01
22.92	4.40E-01	6.20E-01
22.93	4.31E-01	6.16E-01
22.94	4.18E-01	6.08E-01
22.95	4.03E-01	5.97E-01
22.96	3.85E-01	5.83E-01
22.97	3.65E-01	5.67E-01
22.98	3.43E-01	5.48E-01
22.99	3.18E-01	5.26E-01
23	2.92E-01	5.01E-01
23.01	2.63E-01	4.74E-01
23.02	2.32E-01	4.45E-01
23.03	2.00E-01	4.13E-01
23.04	1.66E-01	3.80E-01
23.05	1.30E-01	3.44E-01
23.06	9.42E-02	3.08E-01
23.07	5.79E-02	2.70E-01
23.08	2.19E-02	2.33E-01
23.09	-1.28E-02	1.97E-01
23.1	-4.53E-02	1.62E-01
23.11	-7.48E-02	1.30E-01
23.12	-1.00E-01	1.02E-01
23.13	-1.21E-01	7.86E-02
23.14	-1.37E-01	5.97E-02
23.15	-1.47E-01	4.56E-02
23.16	-1.52E-01	3.67E-02
23.17	-1.52E-01	3.29E-02
23.18	-1.47E-01	3.44E-02
23.19	-1.36E-01	4.11E-02
23.2	-1.19E-01	5.30E-02
23.21	-9.84E-02	6.96E-02
23.22	-7.30E-02	9.05E-02
23.23	-4.38E-02	1.15E-01
23.24	-1.14E-02	1.44E-01
23.25	2.37E-02	1.75E-01
23.26	6.10E-02	2.08E-01
23.27	9.98E-02	2.43E-01
23.28	1.40E-01	2.79E-01
23.29	1.80E-01	3.16E-01
23.3	2.21E-01	3.54E-01
23.31	2.61E-01	3.91E-01
23.32	2.99E-01	4.27E-01
23.33	3.36E-01	4.62E-01
23.34	3.70E-01	4.94E-01
23.35	4.00E-01	5.23E-01
23.36	4.27E-01	5.49E-01
23.37	4.50E-01	5.71E-01
23.38	4.70E-01	5.90E-01
23.39	4.85E-01	6.05E-01
23.4	4.96E-01	6.16E-01
23.41	5.03E-01	6.24E-01
23.42	5.07E-01	6.29E-01
23.43	5.09E-01	6.31E-01
23.44	5.07E-01	6.31E-01
23.45	5.04E-01	6.30E-01
23.46	4.99E-01	6.27E-01
23.47	4.93E-01	6.23E-01
23.48	4.86E-01	6.19E-01
23.49	4.80E-01	6.16E-01
23.5	4.74E-01	6.13E-01
23.51	4.68E-01	6.10E-01
23.52	4.63E-01	6.08E-01
23.53	4.58E-01	6.06E-01
23.54	4.52E-01	6.04E-01
23.55	4.46E-01	6.01E-01
23.56	4.38E-01	5.97E-01
23.57	4.28E-01	5.90E-01
23.58	4.15E-01	5.81E-01
23.59	4.00E-01	5.69E-01
23.6	3.82E-01	5.54E-01
23.61	3.63E-01	5.38E-01
23.62	3.43E-01	5.21E-01
23.63	3.23E-01	5.03E-01
23.64	3.03E-01	4.85E-01
23.65	2.83E-01	4.67E-01
23.66	2.64E-01	4.51E-01
23.67	2.46E-01	4.35E-01
23.68	2.30E-01	4.20E-01
23.69	2.15E-01	4.07E-01
23.7	2.02E-01	3.95E-01
23.71	1.91E-01	3.85E-01
23.72	1.82E-01	3.76E-01
23.73	1.75E-01	3.69E-01
23.74	1.70E-01	3.64E-01
23.75	1.66E-01	3.59E-01
23.76	1.63E-01	3.56E-01
23.77	1.61E-01	3.53E-01
23.78	1.61E-01	3.52E-01
23.79	1.63E-01	3.52E-01
23.8	1.66E-01	3.53E-01
23.81	1.72E-01	3.57E-01
23.82	1.81E-01	3.64E-01
23.83	1.94E-01	3.74E-01
23.84	2.09E-01	3.87E-01
23.85	2.27E-01	4.02E-01
23.86	2.47E-01	4.20E-01
23.87	2.68E-01	4.38E-01
23.88	2.90E-01	4.58E-01
23.89	3.11E-01	4.77E-01
23.9	3.32E-01	4.94E-01
23.91	3.50E-01	5.10E-01
23.92	3.66E-01	5.24E-01
23.93	3.80E-01	5.35E-01
23.94	3.91E-01	5.43E-01
23.95	3.98E-01	5.47E-01
23.96	4.02E-01	5.49E-01
23.97	4.03E-01	5.47E-01
23.98	4.02E-01	5.44E-01
23.99	4.00E-01	5.40E-01
24	3.96E-01	5.34E-01
24.01	3.92E-01	5.29E-01
24.02	3.88E-01	5.23E-01
24.03	3.85E-01	5.19E-01
24.04	3.83E-01	5.16E-01
24.05	3.81E-01	5.14E-01
24.06	3.80E-01	5.12E-01
24.07	3.78E-01	5.10E-01
24.08	3.74E-01	5.07E-01
24.09	3.67E-01	5.01E-01
24.1	3.56E-01	4.90E-01
24.11	3.40E-01	4.75E-01
24.12	3.18E-01	4.54E-01
24.13	2.90E-01	4.27E-01
24.14	2.57E-01	3.96E-01
24.15	2.20E-01	3.60E-01
24.16	1.79E-01	3.21E-01
24.17	1.37E-01	2.80E-01
24.18	9.44E-02	2.39E-01
24.19	5.47E-02	2.02E-01
24.2	2.00E-02	1.69E-01
24.21	-7.01E-03	1.45E-01
24.22	-2.39E-02	1.31E-01
24.23	-2.88E-02	1.29E-01
24.24	-2.06E-02	1.40E-01
24.25	4.55E-04	1.64E-01
24.26	3.33E-02	2.00E-01
24.27	7.61E-02	2.46E-01
24.28	1.27E-01	2.99E-01
24.29	1.83E-01	3.57E-01
24.3	2.41E-01	4.18E-01
24.31	2.97E-01	4.76E-01
24.32	3.49E-01	5.30E-01
24.33	3.93E-01	5.75E-01
24.34	4.26E-01	6.09E-01
24.35	4.46E-01	6.30E-01
24.36	4.53E-01	6.38E-01
24.37	4.48E-01	6.33E-01
24.38	4.31E-01	6.16E-01
24.39	4.04E-01	5.89E-01
24.4	3.69E-01	5.55E-01
24.41	3.30E-01	5.16E-01
24.42	2.89E-01	4.75E-01
24.43	2.50E-01	4.35E-01
24.44	2.16E-01	4.01E-01
24.45	1.88E-01	3.73E-01
24.46	1.69E-01	3.53E-01
24.47	1.59E-01	3.42E-01
24.48	1.57E-01	3.39E-01
24.49	1.63E-01	3.44E-01
24.5	1.76E-01	3.55E-01
24.51	1.93E-01	3.71E-01
24.52	2.14E-01	3.89E-01
24.53	2.37E-01	4.09E-01
24.54	2.59E-01	4.29E-01
24.55	2.81E-01	4.48E-01
24.56	3.01E-01	4.65E-01
24.57	3.19E-01	4.80E-01
24.58	3.35E-01	4.93E-01
24.59	3.50E-01	5.06E-01
24.6	3.65E-01	5.18E-01
24.61	3.81E-01	5.32E-01
24.62	3.99E-01	5.48E-01
24.63	4.21E-01	5.69E-01
24.64	4.48E-01	5.94E-01
24.65	4.81E-01	6.26E-01
24.66	5.21E-01	6.65E-01
24.67	5.67E-01	7.11E-01
24.68	6.18E-01	7.61E-01
24.69	6.74E-01	8.16E-01
24.7	7.32E-01	8.74E-01
24.71	7.91E-01	9.31E-01
24.72	8.47E-01	9.86E-01
24.73	8.98E-01	1.04E+00
24.74	9.42E-01	1.08E+00
24.75	9.78E-01	1.11E+00
24.76	1.00E+00	1.14E+00
24.77	1.02E+00	1.15E+00
24.78	1.02E+00	1.15E+00
24.79	1.01E+00	1.14E+00
24.8	9.88E-01	1.12E+00
24.81	9.58E-01	1.09E+00
24.82	9.18E-01	1.06E+00
24.83	8.72E-01	1.01E+00
24.84	8.18E-01	9.58E-01
24.85	7.60E-01	9.02E-01
24.86	6.97E-01	8.41E-01
24.87	6.30E-01	7.77E-01
24.88	5.59E-01	7.08E-01
24.89	4.85E-01	6.35E-01
24.9	4.06E-01	5.58E-01
24.91	3.23E-01	4.77E-01
24.92	2.35E-01	3.90E-01
24.93	1.42E-01	2.99E-01
24.94	4.43E-02	2.02E-01
24.95	-5.69E-02	1.02E-01
24.96	-1.60E-01	3.32E-04
24.97	-2.64E-01	-1.02E-01
24.98	-3.65E-01	-2.02E-01
24.99	-4.62E-01	-2.97E-01
25	-5.52E-01	-3.85E-01
25.01	-6.33E-01	-4.64E-01
25.02	-7.03E-01	-5.31E-01
25.03	-7.59E-01	-5.84E-01
25.04	-7.99E-01	-6.22E-01
25.05	-8.24E-01	-6.45E-01
25.06	-8.33E-01	-6.51E-01
25.07	-8.26E-01	-6.41E-01
25.08	-8.04E-01	-6.17E-01
25.09	-7.67E-01	-5.79E-01
25.1	-7.18E-01	-5.28E-01
25.11	-6.57E-01	-4.66E-01
25.12	-5.85E-01	-3.94E-01
25.13	-5.05E-01	-3.14E-01
25.14	-4.18E-01	-2.26E-01
25.15	-3.24E-01	-1.34E-01
25.16	-2.27E-01	-3.66E-02
25.17	-1.26E-01	6.33E-02
25.18	-2.31E-02	1.65E-01
25.19	8.15E-02	2.69E-01
25.2	1.88E-01	3.74E-01
25.21	2.95E-01	4.81E-01
25.22	4.02E-01	5.88E-01
25.23	5.10E-01	6.95E-01
25.24	6.18E-01	8.01E-01
25.25	7.24E-01	9.06E-01
25.26	8.26E-01	1.01E+00
25.27	9.23E-01	1.10E+00
25.28	1.01E+00	1.19E+00
25.29	1.10E+00	1.27E+00
25.3	1.17E+00	1.34E+00
25.31	1.23E+00	1.40E+00
25.32	1.27E+00	1.44E+00
25.33	1.31E+00	1.47E+00
25.34	1.32E+00	1.48E+00
25.35	1.32E+00	1.47E+00
25.36	1.31E+00	1.45E+00
25.37	1.27E+00	1.42E+00
25.38	1.23E+00	1.37E+00
25.39	1.17E+00	1.31E+00
25.4	1.11E+00	1.24E+00
25.41	1.04E+00	1.17E+00
25.42	9.64E-01	1.10E+00
25.43	8.90E-01	1.02E+00
25.44	8.17E-01	9.45E-01
25.45	7.47E-01	8.74E-01
25.46	6.81E-01	8.07E-01
25.47	6.19E-01	7.45E-01
25.48	5.63E-01	6.88E-01
25.49	5.11E-01	6.36E-01
25.5	4.64E-01	5.88E-01
25.51	4.20E-01	5.44E-01
25.52	3.80E-01	5.04E-01
25.53	3.43E-01	4.67E-01
25.54	3.08E-01	4.32E-01
25.55	2.76E-01	4.00E-01
25.56	2.45E-01	3.71E-01
25.57	2.18E-01	3.45E-01
25.58	1.94E-01	3.23E-01
25.59	1.74E-01	3.05E-01
25.6	1.60E-01	2.94E-01
25.61	1.52E-01	2.90E-01
25.62	1.53E-01	2.94E-01
25.63	1.62E-01	3.07E-01
25.64	1.81E-01	3.30E-01
25.65	2.09E-01	3.62E-01
25.66	2.47E-01	4.04E-01
25.67	2.92E-01	4.53E-01
25.68	3.44E-01	5.09E-01
25.69	4.00E-01	5.68E-01
25.7	4.57E-01	6.28E-01
25.71	5.12E-01	6.86E-01
25.72	5.61E-01	7.38E-01
25.73	6.02E-01	7.81E-01
25.74	6.32E-01	8.13E-01
25.75	6.48E-01	8.31E-01
25.76	6.51E-01	8.35E-01
25.77	6.40E-01	8.25E-01
25.78	6.17E-01	8.04E-01
25.79	5.83E-01	7.71E-01
25.8	5.41E-01	7.30E-01
25.81	4.94E-01	6.84E-01
25.82	4.44E-01	6.35E-01
25.83	3.96E-01	5.88E-01
25.84	3.53E-01	5.45E-01
25.85	3.17E-01	5.10E-01
25.86	2.90E-01	4.82E-01
25.87	2.71E-01	4.64E-01
25.88	2.62E-01	4.54E-01
25.89	2.62E-01	4.52E-01
25.9	2.68E-01	4.57E-01
25.91	2.80E-01	4.66E-01
25.92	2.93E-01	4.77E-01
25.93	3.05E-01	4.87E-01
25.94	3.15E-01	4.93E-01
25.95	3.19E-01	4.94E-01
25.96	3.18E-01	4.90E-01
25.97	3.11E-01	4.79E-01
25.98	2.98E-01	4.63E-01
25.99	2.80E-01	4.41E-01
26	2.58E-01	4.17E-01
26.01	2.37E-01	3.93E-01
26.02	2.18E-01	3.72E-01
26.03	2.05E-01	3.57E-01
26.04	2.01E-01	3.51E-01
26.05	2.08E-01	3.56E-01
26.06	2.28E-01	3.75E-01
26.07	2.62E-01	4.07E-01
26.08	3.09E-01	4.53E-01
26.09	3.69E-01	5.12E-01
26.1	4.40E-01	5.82E-01
26.11	5.20E-01	6.60E-01
26.12	6.05E-01	7.44E-01
26.13	6.93E-01	8.30E-01
26.14	7.79E-01	9.15E-01
26.15	8.62E-01	9.96E-01
26.16	9.37E-01	1.07E+00
26.17	1.00E+00	1.13E+00
26.18	1.05E+00	1.19E+00
26.19	1.09E+00	1.22E+00
26.2	1.12E+00	1.25E+00
26.21	1.13E+00	1.26E+00
26.22	1.12E+00	1.25E+00
26.23	1.10E+00	1.23E+00
26.24	1.07E+00	1.20E+00
26.25	1.02E+00	1.16E+00
26.26	9.65E-01	1.10E+00
26.27	8.98E-01	1.04E+00
26.28	8.21E-01	9.64E-01
26.29	7.35E-01	8.80E-01
26.3	6.40E-01	7.88E-01
26.31	5.38E-01	6.87E-01
26.32	4.29E-01	5.80E-01
26.33	3.14E-01	4.66E-01
26.34	1.92E-01	3.46E-01
26.35	6.63E-02	2.21E-01
26.36	-6.33E-02	9.29E-02
26.37	-1.95E-01	-3.74E-02
26.38	-3.27E-01	-1.68E-01
26.39	-4.58E-01	-2.97E-01
26.4	-5.85E-01	-4.22E-01
26.41	-7.06E-01	-5.40E-01
26.42	-8.18E-01	-6.50E-01
26.43	-9.20E-01	-7.49E-01
26.44	-1.01E+00	-8.35E-01
26.45	-1.09E+00	-9.08E-01
26.46	-1.15E+00	-9.66E-01
26.47	-1.19E+00	-1.01E+00
26.48	-1.22E+00	-1.04E+00
26.49	-1.24E+00	-1.05E+00
26.5	-1.24E+00	-1.05E+00
26.51	-1.23E+00	-1.03E+00
26.52	-1.20E+00	-1.00E+00
26.53	-1.16E+00	-9.65E-01
26.54	-1.11E+00	-9.15E-01
26.55	-1.05E+00	-8.55E-01
26.56	-9.83E-01	-7.86E-01
26.57	-9.06E-01	-7.10E-01
26.58	-8.22E-01	-6.26E-01
26.59	-7.31E-01	-5.34E-01
26.6	-6.32E-01	-4.36E-01
26.61	-5.27E-01	-3.31E-01
26.62	-4.15E-01	-2.19E-01
26.63	-2.97E-01	-1.01E-01
26.64	-1.73E-01	2.20E-02
26.65	-4.47E-02	1.50E-01
26.66	8.82E-02	2.82E-01
26.67	2.25E-01	4.17E-01
26.68	3.63E-01	5.54E-01
26.69	5.03E-01	6.92E-01
26.7	6.43E-01	8.29E-01
26.71	7.81E-01	9.64E-01
26.72	9.17E-01	1.10E+00
26.73	1.05E+00	1.23E+00
26.74	1.18E+00	1.35E+00
26.75	1.30E+00	1.46E+00
26.76	1.41E+00	1.57E+00
26.77	1.51E+00	1.67E+00
26.78	1.61E+00	1.77E+00
26.79	1.70E+00	1.85E+00
26.8	1.77E+00	1.92E+00
26.81	1.83E+00	1.98E+00
26.82	1.88E+00	2.02E+00
26.83	1.92E+00	2.05E+00
26.84	1.94E+00	2.07E+00
26.85	1.95E+00	2.08E+00
26.86	1.94E+00	2.07E+00
26.87	1.92E+00	2.05E+00
26.88	1.89E+00	2.01E+00
26.89	1.84E+00	1.96E+00
26.9	1.77E+00	1.89E+00
26.91	1.69E+00	1.81E+00
26.92	1.60E+00	1.71E+00
26.93	1.50E+00	1.61E+00
26.94	1.38E+00	1.49E+00
26.95	1.26E+00	1.36E+00
26.96	1.12E+00	1.23E+00
26.97	9.83E-01	1.09E+00
26.98	8.41E-01	9.47E-01
26.99	6.96E-01	8.03E-01
27	5.52E-01	6.60E-01
27.01	4.09E-01	5.19E-01
27.02	2.69E-01	3.82E-01
27.03	1.33E-01	2.49E-01
27.04	3.25E-03	1.23E-01
27.05	-1.21E-01	2.44E-03
27.06	-2.38E-01	-1.11E-01
27.07	-3.48E-01	-2.17E-01
27.08	-4.52E-01	-3.17E-01
27.09	-5.49E-01	-4.09E-01
27.1	-6.39E-01	-4.95E-01
27.11	-7.22E-01	-5.73E-01
27.12	-7.98E-01	-6.44E-01
27.13	-8.66E-01	-7.07E-01
27.14	-9.26E-01	-7.62E-01
27.15	-9.76E-01	-8.08E-01
27.16	-1.02E+00	-8.44E-01
27.17	-1.05E+00	-8.70E-01
27.18	-1.07E+00	-8.85E-01
27.19	-1.08E+00	-8.90E-01
27.2	-1.08E+00	-8.83E-01
27.21	-1.06E+00	-8.64E-01
27.22	-1.04E+00	-8.34E-01
27.23	-1.00E+00	-7.93E-01
27.24	-9.53E-01	-7.41E-01
27.25	-8.95E-01	-6.79E-01
27.26	-8.28E-01	-6.09E-01
27.27	-7.52E-01	-5.30E-01
27.28	-6.69E-01	-4.45E-01
27.29	-5.80E-01	-3.55E-01
27.3	-4.86E-01	-2.60E-01
27.31	-3.87E-01	-1.61E-01
27.32	-2.87E-01	-6.06E-02
27.33	-1.84E-01	4.10E-02
27.34	-8.10E-02	1.43E-01
27.35	2.16E-02	2.43E-01
27.36	1.23E-01	3.42E-01
27.37	2.23E-01	4.39E-01
27.38	3.20E-01	5.33E-01
27.39	4.13E-01	6.24E-01
27.4	5.03E-01	7.10E-01
27.41	5.88E-01	7.91E-01
27.42	6.68E-01	8.67E-01
27.43	7.41E-01	9.36E-01
27.44	8.08E-01	9.98E-01
27.45	8.69E-01	1.05E+00
27.46	9.21E-01	1.10E+00
27.47	9.66E-01	1.14E+00
27.48	1.00E+00	1.17E+00
27.49	1.03E+00	1.19E+00
27.5	1.06E+00	1.21E+00
27.51	1.07E+00	1.22E+00
27.52	1.08E+00	1.22E+00
27.53	1.07E+00	1.21E+00
27.54	1.07E+00	1.20E+00
27.55	1.05E+00	1.17E+00
27.56	1.03E+00	1.15E+00
27.57	9.98E-01	1.11E+00
27.58	9.64E-01	1.07E+00
27.59	9.24E-01	1.03E+00
27.6	8.79E-01	9.82E-01
27.61	8.28E-01	9.29E-01
27.62	7.73E-01	8.72E-01
27.63	7.12E-01	8.10E-01
27.64	6.47E-01	7.43E-01
27.65	5.76E-01	6.72E-01
27.66	5.01E-01	5.97E-01
27.67	4.22E-01	5.18E-01
27.68	3.38E-01	4.36E-01
27.69	2.52E-01	3.50E-01
27.7	1.62E-01	2.63E-01
27.71	7.16E-02	1.74E-01
27.72	-1.99E-02	8.53E-02
27.73	-1.11E-01	-2.31E-03
27.74	-2.00E-01	-8.77E-02
27.75	-2.86E-01	-1.70E-01
27.76	-3.68E-01	-2.47E-01
27.77	-4.45E-01	-3.18E-01
27.78	-5.14E-01	-3.81E-01
27.79	-5.75E-01	-4.36E-01
27.8	-6.27E-01	-4.82E-01
27.81	-6.69E-01	-5.18E-01
27.82	-7.01E-01	-5.42E-01
27.83	-7.21E-01	-5.56E-01
27.84	-7.29E-01	-5.57E-01
27.85	-7.26E-01	-5.48E-01
27.86	-7.11E-01	-5.27E-01
27.87	-6.86E-01	-4.96E-01
27.88	-6.50E-01	-4.54E-01
27.89	-6.04E-01	-4.03E-01
27.9	-5.49E-01	-3.43E-01
27.91	-4.87E-01	-2.76E-01
27.92	-4.17E-01	-2.03E-01
27.93	-3.43E-01	-1.24E-01
27.94	-2.64E-01	-4.20E-02
27.95	-1.82E-01	4.31E-02
27.96	-9.73E-02	1.30E-01
27.97	-1.22E-02	2.17E-01
27.98	7.29E-02	3.03E-01
27.99	1.57E-01	3.88E-01
28	2.40E-01	4.71E-01
28.01	3.22E-01	5.52E-01
28.02	4.01E-01	6.30E-01
28.03	4.77E-01	7.05E-01
28.04	5.51E-01	7.76E-01
28.05	6.21E-01	8.44E-01
28.06	6.88E-01	9.07E-01
28.07	7.52E-01	9.67E-01
28.08	8.12E-01	1.02E+00
28.09	8.69E-01	1.07E+00
28.1	9.23E-01	1.12E+00
28.11	9.73E-01	1.17E+00
28.12	1.02E+00	1.21E+00
28.13	1.06E+00	1.24E+00
28.14	1.10E+00	1.27E+00
28.15	1.13E+00	1.30E+00
28.16	1.16E+00	1.32E+00
28.17	1.18E+00	1.34E+00
28.18	1.20E+00	1.34E+00
28.19	1.20E+00	1.34E+00
28.2	1.20E+00	1.34E+00
28.21	1.19E+00	1.32E+00
28.22	1.17E+00	1.29E+00
28.23	1.14E+00	1.26E+00
28.24	1.10E+00	1.21E+00
28.25	1.05E+00	1.16E+00
28.26	9.99E-01	1.10E+00
28.27	9.35E-01	1.03E+00
28.28	8.66E-01	9.61E-01
28.29	7.91E-01	8.83E-01
28.3	7.12E-01	8.02E-01
28.31	6.31E-01	7.19E-01
28.32	5.49E-01	6.36E-01
28.33	4.68E-01	5.54E-01
28.34	3.88E-01	4.75E-01
28.35	3.11E-01	3.99E-01
28.36	2.36E-01	3.26E-01
28.37	1.66E-01	2.58E-01
28.38	9.88E-02	1.94E-01
28.39	3.61E-02	1.35E-01
28.4	-2.24E-02	8.01E-02
28.41	-7.67E-02	3.02E-02
28.42	-1.27E-01	-1.52E-02
28.43	-1.73E-01	-5.64E-02
28.44	-2.16E-01	-9.34E-02
28.45	-2.55E-01	-1.26E-01
28.46	-2.90E-01	-1.55E-01
28.47	-3.22E-01	-1.80E-01
28.48	-3.49E-01	-2.01E-01
28.49	-3.72E-01	-2.17E-01
28.5	-3.90E-01	-2.29E-01
28.51	-4.03E-01	-2.35E-01
28.52	-4.10E-01	-2.36E-01
28.53	-4.12E-01	-2.31E-01
28.54	-4.08E-01	-2.21E-01
28.55	-3.99E-01	-2.04E-01
28.56	-3.83E-01	-1.82E-01
28.57	-3.60E-01	-1.54E-01
28.58	-3.32E-01	-1.21E-01
28.59	-2.98E-01	-8.20E-02
28.6	-2.59E-01	-3.86E-02
28.61	-2.16E-01	8.51E-03
28.62	-1.69E-01	5.85E-02
28.63	-1.20E-01	1.10E-01
28.64	-6.93E-02	1.63E-01
28.65	-1.78E-02	2.16E-01
28.66	3.35E-02	2.68E-01
28.67	8.38E-02	3.18E-01
28.68	1.32E-01	3.66E-01
28.69	1.79E-01	4.11E-01
28.7	2.24E-01	4.54E-01
28.71	2.66E-01	4.95E-01
28.72	3.07E-01	5.32E-01
28.73	3.46E-01	5.67E-01
28.74	3.82E-01	6.00E-01
28.75	4.18E-01	6.31E-01
28.76	4.52E-01	6.61E-01
28.77	4.86E-01	6.90E-01
28.78	5.20E-01	7.18E-01
28.79	5.53E-01	7.46E-01
28.8	5.87E-01	7.74E-01
28.81	6.22E-01	8.02E-01
28.82	6.56E-01	8.30E-01
28.83	6.90E-01	8.57E-01
28.84	7.24E-01	8.84E-01
28.85	7.56E-01	9.10E-01
28.86	7.87E-01	9.35E-01
28.87	8.16E-01	9.57E-01
28.88	8.43E-01	9.77E-01
28.89	8.65E-01	9.93E-01
28.9	8.84E-01	1.01E+00
28.91	8.97E-01	1.01E+00
28.92	9.06E-01	1.02E+00
28.93	9.10E-01	1.02E+00
28.94	9.07E-01	1.01E+00
28.95	8.99E-01	9.99E-01
28.96	8.85E-01	9.82E-01
28.97	8.65E-01	9.60E-01
28.98	8.40E-01	9.33E-01
28.99	8.09E-01	9.00E-01
29	7.73E-01	8.63E-01
29.01	7.32E-01	8.23E-01
29.02	6.87E-01	7.78E-01
29.03	6.39E-01	7.31E-01
29.04	5.88E-01	6.81E-01
29.05	5.34E-01	6.29E-01
29.06	4.77E-01	5.75E-01
29.07	4.20E-01	5.21E-01
29.08	3.61E-01	4.65E-01
29.09	3.01E-01	4.09E-01
29.1	2.40E-01	3.53E-01
29.11	1.79E-01	2.97E-01
29.12	1.18E-01	2.41E-01
29.13	5.76E-02	1.86E-01
29.14	-2.63E-03	1.32E-01
29.15	-6.21E-02	7.84E-02
29.16	-1.20E-01	2.62E-02
29.17	-1.77E-01	-2.42E-02
29.18	-2.32E-01	-7.26E-02
29.19	-2.84E-01	-1.18E-01
29.2	-3.33E-01	-1.61E-01
29.21	-3.77E-01	-1.99E-01
29.22	-4.17E-01	-2.32E-01
29.23	-4.50E-01	-2.60E-01
29.24	-4.77E-01	-2.81E-01
29.25	-4.96E-01	-2.95E-01
29.26	-5.07E-01	-3.01E-01
29.27	-5.10E-01	-2.99E-01
29.28	-5.04E-01	-2.89E-01
29.29	-4.88E-01	-2.70E-01
29.3	-4.64E-01	-2.43E-01
29.31	-4.32E-01	-2.07E-01
29.32	-3.91E-01	-1.64E-01
29.33	-3.43E-01	-1.14E-01
29.34	-2.88E-01	-5.82E-02
29.35	-2.27E-01	3.30E-03
29.36	-1.61E-01	6.93E-02
29.37	-9.07E-02	1.39E-01
29.38	-1.70E-02	2.11E-01
29.39	5.94E-02	2.86E-01
29.4	1.38E-01	3.62E-01
29.41	2.18E-01	4.39E-01
29.42	2.98E-01	5.16E-01
29.43	3.78E-01	5.92E-01
29.44	4.56E-01	6.66E-01
29.45	5.33E-01	7.39E-01
29.46	6.08E-01	8.08E-01
29.47	6.79E-01	8.74E-01
29.48	7.46E-01	9.35E-01
29.49	8.09E-01	9.92E-01
29.5	8.66E-01	1.04E+00
29.51	9.19E-01	1.09E+00
29.52	9.66E-01	1.13E+00
29.53	1.01E+00	1.17E+00
29.54	1.04E+00	1.19E+00
29.55	1.07E+00	1.22E+00
29.56	1.09E+00	1.23E+00
29.57	1.10E+00	1.24E+00
29.58	1.11E+00	1.24E+00
29.59	1.11E+00	1.23E+00
29.6	1.10E+00	1.22E+00
29.61	1.09E+00	1.20E+00
29.62	1.06E+00	1.17E+00
29.63	1.04E+00	1.14E+00
29.64	1.00E+00	1.10E+00
29.65	9.59E-01	1.06E+00
29.66	9.12E-01	1.01E+00
29.67	8.60E-01	9.53E-01
29.68	8.02E-01	8.94E-01
29.69	7.40E-01	8.31E-01
29.7	6.74E-01	7.65E-01
29.71	6.05E-01	6.96E-01
29.72	5.32E-01	6.24E-01
29.73	4.56E-01	5.50E-01
29.74	3.78E-01	4.74E-01
29.75	2.99E-01	3.97E-01
29.76	2.18E-01	3.20E-01
29.77	1.38E-01	2.44E-01
29.78	5.96E-02	1.69E-01
29.79	-1.68E-02	9.73E-02
29.8	-9.01E-02	2.90E-02
29.81	-1.59E-01	-3.47E-02
29.82	-2.23E-01	-9.29E-02
29.83	-2.81E-01	-1.45E-01
29.84	-3.32E-01	-1.90E-01
29.85	-3.75E-01	-2.27E-01
29.86	-4.11E-01	-2.56E-01
29.87	-4.38E-01	-2.76E-01
29.88	-4.56E-01	-2.88E-01
29.89	-4.66E-01	-2.92E-01
29.9	-4.68E-01	-2.87E-01
29.91	-4.62E-01	-2.75E-01
29.92	-4.48E-01	-2.55E-01
29.93	-4.27E-01	-2.28E-01
29.94	-3.99E-01	-1.95E-01
29.95	-3.65E-01	-1.56E-01
29.96	-3.25E-01	-1.11E-01
29.97	-2.79E-01	-6.19E-02
29.98	-2.29E-01	-7.78E-03
29.99	-1.74E-01	5.03E-02
30	-1.14E-01	1.12E-01
30.01	-5.18E-02	1.76E-01
30.02	1.38E-02	2.43E-01
30.03	8.21E-02	3.13E-01
30.04	1.52E-01	3.83E-01
30.05	2.24E-01	4.54E-01
30.06	2.96E-01	5.26E-01
30.07	3.68E-01	5.96E-01
30.08	4.39E-01	6.65E-01
30.09	5.09E-01	7.31E-01
30.1	5.75E-01	7.95E-01
30.11	6.38E-01	8.54E-01
30.12	6.97E-01	9.08E-01
30.13	7.50E-01	9.57E-01
30.14	7.97E-01	9.98E-01
30.15	8.37E-01	1.03E+00
30.16	8.68E-01	1.06E+00
30.17	8.91E-01	1.07E+00
30.18	9.05E-01	1.08E+00
30.19	9.10E-01	1.08E+00
30.2	9.06E-01	1.07E+00
30.21	8.92E-01	1.05E+00
30.22	8.71E-01	1.02E+00
30.23	8.41E-01	9.86E-01
30.24	8.04E-01	9.43E-01
30.25	7.61E-01	8.94E-01
30.26	7.12E-01	8.39E-01
30.27	6.60E-01	7.81E-01
30.28	6.04E-01	7.21E-01
30.29	5.46E-01	6.58E-01
30.3	4.88E-01	5.96E-01
30.31	4.29E-01	5.34E-01
30.32	3.72E-01	4.73E-01
30.33	3.15E-01	4.14E-01
30.34	2.61E-01	3.57E-01
30.35	2.09E-01	3.04E-01
30.36	1.61E-01	2.54E-01
30.37	1.15E-01	2.09E-01
30.38	7.36E-02	1.67E-01
30.39	3.60E-02	1.31E-01
30.4	2.82E-03	9.90E-02
30.41	-2.56E-02	7.27E-02
30.42	-4.92E-02	5.18E-02
30.43	-6.79E-02	3.64E-02
30.44	-8.17E-02	2.63E-02
30.45	-9.06E-02	2.16E-02
30.46	-9.48E-02	2.21E-02
30.47	-9.44E-02	2.76E-02
30.48	-8.95E-02	3.79E-02
30.49	-8.06E-02	5.25E-02
30.5	-6.80E-02	7.09E-02
30.51	-5.24E-02	9.26E-02
30.52	-3.43E-02	1.17E-01
30.53	-1.42E-02	1.43E-01
30.54	7.17E-03	1.71E-01
30.55	2.93E-02	1.99E-01
30.56	5.16E-02	2.27E-01
30.57	7.35E-02	2.55E-01
30.58	9.46E-02	2.81E-01
30.59	1.15E-01	3.07E-01
30.6	1.34E-01	3.31E-01
30.61	1.52E-01	3.54E-01
30.62	1.69E-01	3.75E-01
30.63	1.85E-01	3.95E-01
30.64	2.00E-01	4.14E-01
30.65	2.15E-01	4.31E-01
30.66	2.30E-01	4.48E-01
30.67	2.44E-01	4.65E-01
30.68	2.58E-01	4.80E-01
30.69	2.72E-01	4.96E-01
30.7	2.87E-01	5.10E-01
30.71	3.01E-01	5.25E-01
30.72	3.16E-01	5.38E-01
30.73	3.31E-01	5.52E-01
30.74	3.45E-01	5.64E-01
30.75	3.59E-01	5.76E-01
30.76	3.72E-01	5.86E-01
30.77	3.85E-01	5.95E-01
30.78	3.97E-01	6.03E-01
30.79	4.07E-01	6.09E-01
30.8	4.16E-01	6.14E-01
30.81	4.24E-01	6.17E-01
30.82	4.31E-01	6.19E-01
30.83	4.37E-01	6.20E-01
30.84	4.42E-01	6.19E-01
30.85	4.47E-01	6.19E-01
30.86	4.51E-01	6.17E-01
30.87	4.56E-01	6.16E-01
30.88	4.60E-01	6.15E-01
30.89	4.65E-01	6.15E-01
30.9	4.71E-01	6.16E-01
30.91	4.77E-01	6.17E-01
30.92	4.84E-01	6.19E-01
30.93	4.92E-01	6.22E-01
30.94	5.00E-01	6.26E-01
30.95	5.08E-01	6.30E-01
30.96	5.16E-01	6.34E-01
30.97	5.24E-01	6.39E-01
30.98	5.31E-01	6.42E-01
30.99	5.36E-01	6.46E-01
31	5.41E-01	6.48E-01
31.01	5.44E-01	6.50E-01
31.02	5.47E-01	6.51E-01
31.03	5.48E-01	6.52E-01
31.04	5.48E-01	6.52E-01
31.05	5.48E-01	6.52E-01
31.06	5.47E-01	6.53E-01
31.07	5.46E-01	6.53E-01
31.08	5.44E-01	6.53E-01
31.09	5.42E-01	6.53E-01
31.1	5.39E-01	6.53E-01
31.11	5.36E-01	6.53E-01
31.12	5.31E-01	6.51E-01
31.13	5.25E-01	6.49E-01
31.14	5.17E-01	6.44E-01
31.15	5.06E-01	6.38E-01
31.16	4.92E-01	6.28E-01
31.17	4.75E-01	6.16E-01
31.18	4.54E-01	5.99E-01
31.19	4.29E-01	5.79E-01
31.2	4.00E-01	5.55E-01
31.21	3.69E-01	5.28E-01
31.22	3.34E-01	4.98E-01
31.23	2.97E-01	4.66E-01
31.24	2.59E-01	4.32E-01
31.25	2.21E-01	3.98E-01
31.26	1.83E-01	3.64E-01
31.27	1.46E-01	3.31E-01
31.28	1.10E-01	3.00E-01
31.29	7.75E-02	2.71E-01
31.3	4.72E-02	2.44E-01
31.31	2.00E-02	2.19E-01
31.32	-3.98E-03	1.98E-01
31.33	-2.47E-02	1.80E-01
31.34	-4.22E-02	1.64E-01
31.35	-5.69E-02	1.51E-01
31.36	-6.90E-02	1.40E-01
31.37	-7.89E-02	1.30E-01
31.38	-8.68E-02	1.22E-01
31.39	-9.29E-02	1.16E-01
31.4	-9.74E-02	1.11E-01
31.41	-1.00E-01	1.07E-01
31.42	-1.01E-01	1.05E-01
31.43	-9.96E-02	1.05E-01
31.44	-9.57E-02	1.06E-01
31.45	-8.87E-02	1.11E-01
31.46	-7.83E-02	1.19E-01
31.47	-6.40E-02	1.31E-01
31.48	-4.55E-02	1.46E-01
31.49	-2.24E-02	1.66E-01
31.5	5.53E-03	1.91E-01
31.51	3.84E-02	2.20E-01
31.52	7.60E-02	2.54E-01
31.53	1.18E-01	2.93E-01
31.54	1.65E-01	3.35E-01
31.55	2.15E-01	3.81E-01
31.56	2.68E-01	4.30E-01
31.57	3.22E-01	4.80E-01
31.58	3.78E-01	5.32E-01
31.59	4.33E-01	5.83E-01
31.6	4.87E-01	6.34E-01
31.61	5.39E-01	6.82E-01
31.62	5.88E-01	7.28E-01
31.63	6.34E-01	7.70E-01
31.64	6.76E-01	8.09E-01
31.65	7.14E-01	8.44E-01
31.66	7.47E-01	8.75E-01
31.67	7.76E-01	9.01E-01
31.68	7.99E-01	9.23E-01
31.69	8.18E-01	9.40E-01
31.7	8.31E-01	9.52E-01
31.71	8.39E-01	9.59E-01
31.72	8.41E-01	9.61E-01
31.73	8.38E-01	9.57E-01
31.74	8.30E-01	9.49E-01
31.75	8.17E-01	9.36E-01
31.76	7.99E-01	9.19E-01
31.77	7.76E-01	8.97E-01
31.78	7.49E-01	8.71E-01
31.79	7.17E-01	8.41E-01
31.8	6.82E-01	8.07E-01
31.81	6.43E-01	7.70E-01
31.82	6.01E-01	7.30E-01
31.83	5.56E-01	6.88E-01
31.84	5.10E-01	6.44E-01
31.85	4.62E-01	5.99E-01
31.86	4.13E-01	5.53E-01
31.87	3.64E-01	5.08E-01
31.88	3.16E-01	4.63E-01
31.89	2.68E-01	4.19E-01
31.9	2.22E-01	3.77E-01
31.91	1.78E-01	3.36E-01
31.92	1.36E-01	2.98E-01
31.93	9.72E-02	2.63E-01
31.94	6.10E-02	2.30E-01
31.95	2.82E-02	2.00E-01
31.96	-1.11E-03	1.74E-01
31.97	-2.66E-02	1.52E-01
31.98	-4.81E-02	1.33E-01
31.99	-6.54E-02	1.19E-01
32	-7.85E-02	1.08E-01
32.01	-8.72E-02	1.02E-01
32.02	-9.12E-02	9.97E-02
32.03	-9.03E-02	1.02E-01
32.04	-8.43E-02	1.10E-01
32.05	-7.30E-02	1.23E-01
32.06	-5.65E-02	1.40E-01
32.07	-3.49E-02	1.63E-01
32.08	-8.47E-03	1.90E-01
32.09	2.23E-02	2.21E-01
32.1	5.68E-02	2.55E-01
32.11	9.44E-02	2.93E-01
32.12	1.34E-01	3.32E-01
32.13	1.76E-01	3.72E-01
32.14	2.18E-01	4.13E-01
32.15	2.61E-01	4.54E-01
32.16	3.03E-01	4.94E-01
32.17	3.44E-01	5.33E-01
32.18	3.84E-01	5.71E-01
32.19	4.22E-01	6.05E-01
32.2	4.57E-01	6.37E-01
32.21	4.88E-01	6.66E-01
32.22	5.17E-01	6.92E-01
32.23	5.43E-01	7.14E-01
32.24	5.66E-01	7.34E-01
32.25	5.86E-01	7.51E-01
32.26	6.04E-01	7.65E-01
32.27	6.19E-01	7.77E-01
32.28	6.32E-01	7.86E-01
32.29	6.43E-01	7.94E-01
32.3	6.52E-01	8.00E-01
32.31	6.59E-01	8.04E-01
32.32	6.65E-01	8.07E-01
32.33	6.69E-01	8.08E-01
32.34	6.71E-01	8.08E-01
32.35	6.71E-01	8.06E-01
32.36	6.69E-01	8.01E-01
32.37	6.64E-01	7.94E-01
32.38	6.57E-01	7.85E-01
32.39	6.46E-01	7.73E-01
32.4	6.32E-01	7.57E-01
32.41	6.15E-01	7.39E-01
32.42	5.95E-01	7.18E-01
32.43	5.71E-01	6.94E-01
32.44	5.44E-01	6.68E-01
32.45	5.15E-01	6.38E-01
32.46	4.82E-01	6.07E-01
32.47	4.48E-01	5.74E-01
32.48	4.12E-01	5.39E-01
32.49	3.75E-01	5.04E-01
32.5	3.38E-01	4.68E-01
32.51	3.00E-01	4.32E-01
32.52	2.63E-01	3.97E-01
32.53	2.26E-01	3.63E-01
32.54	1.90E-01	3.30E-01
32.55	1.56E-01	2.99E-01
32.56	1.24E-01	2.69E-01
32.57	9.32E-02	2.42E-01
32.58	6.49E-02	2.17E-01
32.59	3.89E-02	1.94E-01
32.6	1.54E-02	1.74E-01
32.61	-5.64E-03	1.56E-01
32.62	-2.41E-02	1.41E-01
32.63	-3.98E-02	1.28E-01
32.64	-5.28E-02	1.19E-01
32.65	-6.29E-02	1.12E-01
32.66	-7.01E-02	1.08E-01
32.67	-7.42E-02	1.06E-01
32.68	-7.51E-02	1.08E-01
32.69	-7.27E-02	1.13E-01
32.7	-6.70E-02	1.21E-01
32.71	-5.77E-02	1.33E-01
32.72	-4.50E-02	1.47E-01
32.73	-2.87E-02	1.65E-01
32.74	-8.91E-03	1.86E-01
32.75	1.43E-02	2.10E-01
32.76	4.08E-02	2.38E-01
32.77	7.05E-02	2.68E-01
32.78	1.03E-01	3.00E-01
32.79	1.38E-01	3.35E-01
32.8	1.75E-01	3.71E-01
32.81	2.13E-01	4.08E-01
32.82	2.52E-01	4.47E-01
32.83	2.92E-01	4.85E-01
32.84	3.32E-01	5.23E-01
32.85	3.71E-01	5.60E-01
32.86	4.09E-01	5.96E-01
32.87	4.45E-01	6.30E-01
32.88	4.79E-01	6.61E-01
32.89	5.10E-01	6.90E-01
32.9	5.39E-01	7.15E-01
32.91	5.64E-01	7.37E-01
32.92	5.85E-01	7.56E-01
32.93	6.04E-01	7.71E-01
32.94	6.19E-01	7.83E-01
32.95	6.31E-01	7.92E-01
32.96	6.40E-01	7.97E-01
32.97	6.46E-01	7.99E-01
32.98	6.48E-01	7.99E-01
32.99	6.48E-01	7.96E-01
33	6.46E-01	7.90E-01
33.01	6.41E-01	7.82E-01
33.02	6.34E-01	7.73E-01
33.03	6.25E-01	7.61E-01
33.04	6.13E-01	7.47E-01
33.05	5.99E-01	7.31E-01
33.06	5.84E-01	7.14E-01
33.07	5.66E-01	6.94E-01
33.08	5.46E-01	6.73E-01
33.09	5.24E-01	6.50E-01
33.1	5.00E-01	6.25E-01
33.11	4.74E-01	5.99E-01
33.12	4.46E-01	5.71E-01
33.13	4.16E-01	5.41E-01
33.14	3.86E-01	5.11E-01
33.15	3.54E-01	4.81E-01
33.16	3.22E-01	4.50E-01
33.17	2.90E-01	4.19E-01
33.18	2.58E-01	3.88E-01
33.19	2.26E-01	3.59E-01
33.2	1.96E-01	3.30E-01
33.21	1.66E-01	3.03E-01
33.22	1.38E-01	2.78E-01
33.23	1.12E-01	2.54E-01
33.24	8.75E-02	2.33E-01
33.25	6.53E-02	2.14E-01
33.26	4.53E-02	1.97E-01
33.27	2.76E-02	1.82E-01
33.28	1.23E-02	1.70E-01
33.29	-5.89E-04	1.61E-01
33.3	-1.10E-02	1.54E-01
33.31	-1.87E-02	1.49E-01
33.32	-2.39E-02	1.47E-01
33.33	-2.62E-02	1.48E-01
33.34	-2.57E-02	1.51E-01
33.35	-2.22E-02	1.58E-01
33.36	-1.58E-02	1.67E-01
33.37	-6.29E-03	1.79E-01
33.38	6.16E-03	1.93E-01
33.39	2.15E-02	2.11E-01
33.4	3.95E-02	2.31E-01
33.41	6.00E-02	2.53E-01
33.42	8.26E-02	2.76E-01
33.43	1.07E-01	3.02E-01
33.44	1.33E-01	3.28E-01
33.45	1.59E-01	3.55E-01
33.46	1.87E-01	3.83E-01
33.47	2.14E-01	4.10E-01
33.48	2.41E-01	4.37E-01
33.49	2.68E-01	4.63E-01
33.5	2.94E-01	4.87E-01
33.51	3.18E-01	5.10E-01
33.52	3.41E-01	5.31E-01
33.53	3.62E-01	5.50E-01
33.54	3.80E-01	5.66E-01
33.55	3.96E-01	5.80E-01
33.56	4.10E-01	5.92E-01
33.57	4.23E-01	6.01E-01
33.58	4.33E-01	6.09E-01
33.59	4.41E-01	6.14E-01
33.6	4.48E-01	6.18E-01
33.61	4.54E-01	6.20E-01
33.62	4.57E-01	6.21E-01
33.63	4.59E-01	6.20E-01
33.64	4.60E-01	6.18E-01
33.65	4.60E-01	6.14E-01
33.66	4.58E-01	6.09E-01
33.67	4.55E-01	6.04E-01
33.68	4.51E-01	5.97E-01
33.69	4.46E-01	5.89E-01
33.7	4.40E-01	5.80E-01
33.71	4.33E-01	5.71E-01
33.72	4.25E-01	5.61E-01
33.73	4.17E-01	5.51E-01
33.74	4.08E-01	5.40E-01
33.75	3.98E-01	5.29E-01
33.76	3.88E-01	5.18E-01
33.77	3.78E-01	5.07E-01
33.78	3.67E-01	4.96E-01
33.79	3.56E-01	4.85E-01
33.8	3.45E-01	4.73E-01
33.81	3.34E-01	4.62E-01
33.82	3.22E-01	4.51E-01
33.83	3.10E-01	4.40E-01
33.84	2.97E-01	4.29E-01
33.85	2.85E-01	4.18E-01
33.86	2.72E-01	4.06E-01
33.87	2.59E-01	3.95E-01
33.88	2.46E-01	3.84E-01
33.89	2.32E-01	3.73E-01
33.9	2.19E-01	3.62E-01
33.91	2.05E-01	3.51E-01
33.92	1.92E-01	3.40E-01
33.93	1.78E-01	3.29E-01
33.94	1.65E-01	3.19E-01
33.95	1.53E-01	3.09E-01
33.96	1.41E-01	3.00E-01
33.97	1.30E-01	2.92E-01
33.98	1.19E-01	2.84E-01
33.99	1.10E-01	2.78E-01
34	1.02E-01	2.73E-01
34.01	9.57E-02	2.69E-01
34.02	9.03E-02	2.66E-01
34.03	8.61E-02	2.65E-01
34.04	8.29E-02	2.64E-01
34.05	8.08E-02	2.64E-01
34.06	7.96E-02	2.64E-01
34.07	7.92E-02	2.66E-01
34.08	7.95E-02	2.67E-01
34.09	8.07E-02	2.70E-01
34.1	8.26E-02	2.72E-01
34.11	8.52E-02	2.76E-01
34.12	8.87E-02	2.80E-01
34.13	9.28E-02	2.84E-01
34.14	9.77E-02	2.89E-01
34.15	1.03E-01	2.94E-01
34.16	1.10E-01	3.00E-01
34.17	1.17E-01	3.07E-01
34.18	1.25E-01	3.14E-01
34.19	1.35E-01	3.22E-01
34.2	1.45E-01	3.31E-01
34.21	1.56E-01	3.40E-01
34.22	1.67E-01	3.50E-01
34.23	1.80E-01	3.61E-01
34.24	1.94E-01	3.73E-01
34.25	2.10E-01	3.86E-01
34.26	2.26E-01	4.00E-01
34.27	2.43E-01	4.15E-01
34.28	2.61E-01	4.30E-01
34.29	2.80E-01	4.47E-01
34.3	3.01E-01	4.65E-01
34.31	3.22E-01	4.83E-01
34.32	3.44E-01	5.03E-01
34.33	3.67E-01	5.23E-01
34.34	3.90E-01	5.44E-01
34.35	4.13E-01	5.65E-01
34.36	4.36E-01	5.85E-01
34.37	4.59E-01	6.06E-01
34.38	4.81E-01	6.25E-01
34.39	5.01E-01	6.44E-01
34.4	5.20E-01	6.61E-01
34.41	5.37E-01	6.77E-01
34.42	5.52E-01	6.90E-01
34.43	5.64E-01	7.01E-01
34.44	5.72E-01	7.08E-01
34.45	5.77E-01	7.12E-01
34.46	5.79E-01	7.13E-01
34.47	5.77E-01	7.11E-01
34.48	5.71E-01	7.05E-01
34.49	5.62E-01	6.96E-01
34.5	5.49E-01	6.83E-01
34.51	5.33E-01	6.67E-01
34.52	5.13E-01	6.48E-01
34.53	4.91E-01	6.26E-01
34.54	4.65E-01	6.02E-01
34.55	4.36E-01	5.74E-01
34.56	4.05E-01	5.44E-01
34.57	3.71E-01	5.12E-01
34.58	3.36E-01	4.79E-01
34.59	2.99E-01	4.44E-01
34.6	2.61E-01	4.08E-01
34.61	2.22E-01	3.71E-01
34.62	1.83E-01	3.35E-01
34.63	1.44E-01	2.98E-01
34.64	1.06E-01	2.63E-01
34.65	6.97E-02	2.28E-01
34.66	3.47E-02	1.95E-01
34.67	2.01E-03	1.65E-01
34.68	-2.77E-02	1.38E-01
34.69	-5.40E-02	1.14E-01
34.7	-7.65E-02	9.37E-02
34.71	-9.47E-02	7.78E-02
34.72	-1.08E-01	6.63E-02
34.73	-1.17E-01	5.97E-02
34.74	-1.21E-01	5.80E-02
34.75	-1.19E-01	6.14E-02
34.76	-1.12E-01	6.99E-02
34.77	-1.00E-01	8.36E-02
34.78	-8.28E-02	1.02E-01
34.79	-6.05E-02	1.26E-01
34.8	-3.36E-02	1.53E-01
34.81	-2.33E-03	1.85E-01
34.82	3.28E-02	2.21E-01
34.83	7.13E-02	2.60E-01
34.84	1.13E-01	3.01E-01
34.85	1.56E-01	3.44E-01
34.86	2.02E-01	3.89E-01
34.87	2.49E-01	4.35E-01
34.88	2.96E-01	4.82E-01
34.89	3.43E-01	5.28E-01
34.9	3.90E-01	5.73E-01
34.91	4.35E-01	6.17E-01
34.92	4.78E-01	6.58E-01
34.93	5.18E-01	6.97E-01
34.94	5.55E-01	7.32E-01
34.95	5.88E-01	7.62E-01
34.96	6.16E-01	7.88E-01
34.97	6.40E-01	8.09E-01
34.98	6.58E-01	8.25E-01
34.99	6.71E-01	8.35E-01
35	6.78E-01	8.40E-01
35.01	6.80E-01	8.39E-01
35.02	6.77E-01	8.33E-01
35.03	6.68E-01	8.22E-01
35.04	6.55E-01	8.06E-01
35.05	6.37E-01	7.86E-01
35.06	6.15E-01	7.61E-01
35.07	5.89E-01	7.33E-01
35.08	5.60E-01	7.03E-01
35.09	5.29E-01	6.70E-01
35.1	4.97E-01	6.35E-01
35.11	4.62E-01	5.99E-01
35.12	4.27E-01	5.63E-01
35.13	3.92E-01	5.27E-01
35.14	3.57E-01	4.90E-01
35.15	3.22E-01	4.55E-01
35.16	2.88E-01	4.21E-01
35.17	2.55E-01	3.87E-01
35.18	2.23E-01	3.56E-01
35.19	1.93E-01	3.26E-01
35.2	1.65E-01	2.99E-01
35.21	1.39E-01	2.73E-01
35.22	1.15E-01	2.50E-01
35.23	9.31E-02	2.30E-01
35.24	7.42E-02	2.13E-01
35.25	5.80E-02	1.98E-01
35.26	4.49E-02	1.87E-01
35.27	3.48E-02	1.79E-01
35.28	2.78E-02	1.74E-01
35.29	2.39E-02	1.73E-01
35.3	2.32E-02	1.74E-01
35.31	2.54E-02	1.79E-01
35.32	3.06E-02	1.87E-01
35.33	3.83E-02	1.98E-01
35.34	4.85E-02	2.10E-01
35.35	6.06E-02	2.25E-01
35.36	7.45E-02	2.42E-01
35.37	8.96E-02	2.60E-01
35.38	1.06E-01	2.78E-01
35.39	1.22E-01	2.97E-01
35.4	1.39E-01	3.16E-01
35.41	1.55E-01	3.34E-01
35.42	1.71E-01	3.52E-01
35.43	1.87E-01	3.69E-01
35.44	2.01E-01	3.85E-01
35.45	2.15E-01	4.01E-01
35.46	2.29E-01	4.15E-01
35.47	2.42E-01	4.29E-01
35.48	2.54E-01	4.42E-01
35.49	2.66E-01	4.55E-01
35.5	2.78E-01	4.67E-01
35.51	2.90E-01	4.79E-01
35.52	3.02E-01	4.90E-01
35.53	3.13E-01	5.01E-01
35.54	3.25E-01	5.12E-01
35.55	3.36E-01	5.22E-01
35.56	3.46E-01	5.31E-01
35.57	3.57E-01	5.40E-01
35.58	3.66E-01	5.48E-01
35.59	3.75E-01	5.54E-01
35.6	3.82E-01	5.60E-01
35.61	3.88E-01	5.64E-01
35.62	3.93E-01	5.67E-01
35.63	3.97E-01	5.68E-01
35.64	3.99E-01	5.67E-01
35.65	4.00E-01	5.65E-01
35.66	3.99E-01	5.62E-01
35.67	3.97E-01	5.58E-01
35.68	3.94E-01	5.52E-01
35.69	3.90E-01	5.46E-01
35.7	3.85E-01	5.39E-01
35.71	3.80E-01	5.31E-01
35.72	3.74E-01	5.23E-01
35.73	3.68E-01	5.15E-01
35.74	3.61E-01	5.07E-01
35.75	3.55E-01	4.99E-01
35.76	3.50E-01	4.92E-01
35.77	3.44E-01	4.85E-01
35.78	3.40E-01	4.79E-01
35.79	3.35E-01	4.73E-01
35.8	3.31E-01	4.68E-01
35.81	3.26E-01	4.63E-01
35.82	3.22E-01	4.58E-01
35.83	3.17E-01	4.53E-01
35.84	3.13E-01	4.48E-01
35.85	3.08E-01	4.43E-01
35.86	3.02E-01	4.38E-01
35.87	2.96E-01	4.33E-01
35.88	2.90E-01	4.27E-01
35.89	2.82E-01	4.21E-01
35.9	2.75E-01	4.15E-01
35.91	2.66E-01	4.08E-01
35.92	2.58E-01	4.01E-01
35.93	2.48E-01	3.93E-01
35.94	2.39E-01	3.86E-01
35.95	2.30E-01	3.78E-01
35.96	2.20E-01	3.71E-01
35.97	2.11E-01	3.64E-01
35.98	2.02E-01	3.57E-01
35.99	1.93E-01	3.51E-01
36	1.86E-01	3.45E-01
36.01	1.79E-01	3.40E-01
36.02	1.73E-01	3.37E-01
36.03	1.68E-01	3.34E-01
36.04	1.65E-01	3.33E-01
36.05	1.63E-01	3.33E-01
36.06	1.62E-01	3.34E-01
36.07	1.63E-01	3.37E-01
36.08	1.65E-01	3.41E-01
36.09	1.69E-01	3.47E-01
36.1	1.74E-01	3.53E-01
36.11	1.81E-01	3.61E-01
36.12	1.88E-01	3.70E-01
36.13	1.97E-01	3.80E-01
36.14	2.07E-01	3.90E-01
36.15	2.18E-01	4.01E-01
36.16	2.29E-01	4.13E-01
36.17	2.42E-01	4.26E-01
36.18	2.55E-01	4.39E-01
36.19	2.69E-01	4.53E-01
36.2	2.83E-01	4.67E-01
36.21	2.98E-01	4.81E-01
36.22	3.14E-01	4.96E-01
36.23	3.29E-01	5.10E-01
36.24	3.45E-01	5.25E-01
36.25	3.61E-01	5.39E-01
36.26	3.77E-01	5.53E-01
36.27	3.92E-01	5.67E-01
36.28	4.07E-01	5.80E-01
36.29	4.21E-01	5.93E-01
36.3	4.35E-01	6.04E-01
36.31	4.48E-01	6.15E-01
36.32	4.60E-01	6.25E-01
36.33	4.71E-01	6.34E-01
36.34	4.81E-01	6.42E-01
36.35	4.90E-01	6.49E-01
36.36	4.97E-01	6.54E-01
36.37	5.04E-01	6.59E-01
36.38	5.09E-01	6.62E-01
36.39	5.12E-01	6.63E-01
36.4	5.15E-01	6.64E-01
36.41	5.15E-01	6.63E-01
36.42	5.15E-01	6.60E-01
36.43	5.13E-01	6.57E-01
36.44	5.09E-01	6.52E-01
36.45	5.05E-01	6.46E-01
36.46	4.99E-01	6.39E-01
36.47	4.92E-01	6.31E-01
36.48	4.84E-01	6.22E-01
36.49	4.75E-01	6.13E-01
36.5	4.65E-01	6.03E-01
36.51	4.55E-01	5.93E-01
36.52	4.44E-01	5.82E-01
36.53	4.33E-01	5.71E-01
36.54	4.21E-01	5.59E-01
36.55	4.09E-01	5.48E-01
36.56	3.96E-01	5.36E-01
36.57	3.84E-01	5.24E-01
36.58	3.71E-01	5.12E-01
36.59	3.57E-01	5.00E-01
36.6	3.43E-01	4.88E-01
36.61	3.29E-01	4.75E-01
36.62	3.15E-01	4.63E-01
36.63	3.00E-01	4.49E-01
36.64	2.85E-01	4.36E-01
36.65	2.69E-01	4.22E-01
36.66	2.53E-01	4.08E-01
36.67	2.37E-01	3.94E-01
36.68	2.21E-01	3.80E-01
36.69	2.04E-01	3.65E-01
36.7	1.87E-01	3.50E-01
36.71	1.71E-01	3.36E-01
36.72	1.54E-01	3.21E-01
36.73	1.37E-01	3.06E-01
36.74	1.20E-01	2.91E-01
36.75	1.04E-01	2.76E-01
36.76	8.79E-02	2.62E-01
36.77	7.21E-02	2.48E-01
36.78	5.66E-02	2.33E-01
36.79	4.14E-02	2.20E-01
36.8	2.68E-02	2.06E-01
36.81	1.26E-02	1.93E-01
36.82	-1.11E-03	1.80E-01
36.83	-1.42E-02	1.67E-01
36.84	-2.66E-02	1.55E-01
36.85	-3.82E-02	1.44E-01
36.86	-4.88E-02	1.34E-01
36.87	-5.83E-02	1.24E-01
36.88	-6.67E-02	1.16E-01
36.89	-7.37E-02	1.08E-01
36.9	-7.92E-02	1.02E-01
36.91	-8.31E-02	9.79E-02
36.92	-8.53E-02	9.50E-02
36.93	-8.55E-02	9.38E-02
36.94	-8.38E-02	9.46E-02
36.95	-7.99E-02	9.74E-02
36.96	-7.37E-02	1.02E-01
36.97	-6.53E-02	1.09E-01
36.98	-5.46E-02	1.19E-01
36.99	-4.18E-02	1.30E-01
37	-2.69E-02	1.44E-01
37.01	-9.98E-03	1.59E-01
37.02	8.71E-03	1.76E-01
37.03	2.91E-02	1.95E-01
37.04	5.09E-02	2.15E-01
37.05	7.41E-02	2.37E-01
37.06	9.84E-02	2.59E-01
37.07	1.24E-01	2.83E-01
37.08	1.50E-01	3.07E-01
37.09	1.76E-01	3.33E-01
37.1	2.03E-01	3.58E-01
37.11	2.30E-01	3.84E-01
37.12	2.57E-01	4.10E-01
37.13	2.84E-01	4.36E-01
37.14	3.11E-01	4.61E-01
37.15	3.38E-01	4.87E-01
37.16	3.64E-01	5.12E-01
37.17	3.89E-01	5.37E-01
37.18	4.14E-01	5.61E-01
37.19	4.37E-01	5.84E-01
37.2	4.60E-01	6.06E-01
37.21	4.81E-01	6.27E-01
37.22	5.01E-01	6.47E-01
37.23	5.19E-01	6.65E-01
37.24	5.36E-01	6.82E-01
37.25	5.51E-01	6.96E-01
37.26	5.63E-01	7.09E-01
37.27	5.73E-01	7.20E-01
37.28	5.82E-01	7.29E-01
37.29	5.87E-01	7.35E-01
37.3	5.90E-01	7.39E-01
37.31	5.91E-01	7.40E-01
37.32	5.89E-01	7.39E-01
37.33	5.85E-01	7.36E-01
37.34	5.79E-01	7.31E-01
37.35	5.71E-01	7.23E-01
37.36	5.60E-01	7.14E-01
37.37	5.48E-01	7.03E-01
37.38	5.35E-01	6.91E-01
37.39	5.20E-01	6.77E-01
37.4	5.05E-01	6.62E-01
37.41	4.88E-01	6.47E-01
37.42	4.71E-01	6.31E-01
37.43	4.54E-01	6.15E-01
37.44	4.37E-01	5.99E-01
37.45	4.20E-01	5.83E-01
37.46	4.04E-01	5.68E-01
37.47	3.88E-01	5.53E-01
37.48	3.72E-01	5.38E-01
37.49	3.57E-01	5.24E-01
37.5	3.43E-01	5.11E-01
37.51	3.30E-01	4.98E-01
37.52	3.18E-01	4.87E-01
37.53	3.06E-01	4.76E-01
37.54	2.96E-01	4.65E-01
37.55	2.86E-01	4.56E-01
37.56	2.77E-01	4.47E-01
37.57	2.68E-01	4.39E-01
37.58	2.61E-01	4.31E-01
37.59	2.54E-01	4.24E-01
37.6	2.47E-01	4.17E-01
37.61	2.41E-01	4.11E-01
37.62	2.36E-01	4.06E-01
37.63	2.31E-01	4.01E-01
37.64	2.27E-01	3.96E-01
37.65	2.23E-01	3.92E-01
37.66	2.21E-01	3.89E-01
37.67	2.19E-01	3.87E-01
37.68	2.18E-01	3.85E-01
37.69	2.18E-01	3.85E-01
37.7	2.19E-01	3.85E-01
37.71	2.21E-01	3.86E-01
37.72	2.25E-01	3.89E-01
37.73	2.29E-01	3.93E-01
37.74	2.35E-01	3.98E-01
37.75	2.43E-01	4.05E-01
37.76	2.51E-01	4.13E-01
37.77	2.61E-01	4.22E-01
37.78	2.72E-01	4.32E-01
37.79	2.85E-01	4.44E-01
37.8	2.98E-01	4.56E-01
37.81	3.12E-01	4.70E-01
37.82	3.27E-01	4.84E-01
37.83	3.42E-01	4.98E-01
37.84	3.57E-01	5.13E-01
37.85	3.73E-01	5.28E-01
37.86	3.88E-01	5.43E-01
37.87	4.04E-01	5.58E-01
37.88	4.19E-01	5.73E-01
37.89	4.33E-01	5.87E-01
37.9	4.48E-01	6.01E-01
37.91	4.61E-01	6.14E-01
37.92	4.74E-01	6.26E-01
37.93	4.85E-01	6.38E-01
37.94	4.96E-01	6.48E-01
37.95	5.05E-01	6.58E-01
37.96	5.13E-01	6.66E-01
37.97	5.20E-01	6.72E-01
37.98	5.24E-01	6.77E-01
37.99	5.28E-01	6.81E-01
38	5.29E-01	6.82E-01
38.01	5.28E-01	6.81E-01
38.02	5.25E-01	6.79E-01
38.03	5.20E-01	6.74E-01
38.04	5.12E-01	6.67E-01
38.05	5.03E-01	6.58E-01
38.06	4.92E-01	6.47E-01
38.07	4.78E-01	6.34E-01
38.08	4.63E-01	6.20E-01
38.09	4.47E-01	6.04E-01
38.1	4.30E-01	5.87E-01
38.11	4.11E-01	5.69E-01
38.12	3.92E-01	5.51E-01
38.13	3.73E-01	5.33E-01
38.14	3.54E-01	5.14E-01
38.15	3.36E-01	4.96E-01
38.16	3.18E-01	4.79E-01
38.17	3.01E-01	4.63E-01
38.18	2.86E-01	4.48E-01
38.19	2.71E-01	4.34E-01
38.2	2.58E-01	4.21E-01
38.21	2.46E-01	4.09E-01
38.22	2.34E-01	3.98E-01
38.23	2.24E-01	3.89E-01
38.24	2.14E-01	3.79E-01
38.25	2.05E-01	3.71E-01
38.26	1.97E-01	3.62E-01
38.27	1.89E-01	3.55E-01
38.28	1.81E-01	3.47E-01
38.29	1.73E-01	3.39E-01
38.3	1.65E-01	3.32E-01
38.31	1.58E-01	3.25E-01
38.32	1.52E-01	3.19E-01
38.33	1.46E-01	3.13E-01
38.34	1.42E-01	3.08E-01
38.35	1.38E-01	3.05E-01
38.36	1.36E-01	3.03E-01
38.37	1.36E-01	3.02E-01
38.38	1.37E-01	3.04E-01
38.39	1.40E-01	3.06E-01
38.4	1.45E-01	3.11E-01
38.41	1.51E-01	3.18E-01
38.42	1.60E-01	3.26E-01
38.43	1.70E-01	3.35E-01
38.44	1.81E-01	3.47E-01
38.45	1.94E-01	3.59E-01
38.46	2.08E-01	3.72E-01
38.47	2.23E-01	3.87E-01
38.48	2.38E-01	4.02E-01
38.49	2.55E-01	4.18E-01
38.5	2.71E-01	4.34E-01
38.51	2.89E-01	4.51E-01
38.52	3.06E-01	4.68E-01
38.53	3.25E-01	4.86E-01
38.54	3.43E-01	5.04E-01
38.55	3.62E-01	5.22E-01
38.56	3.81E-01	5.41E-01
38.57	4.00E-01	5.60E-01
38.58	4.19E-01	5.78E-01
38.59	4.39E-01	5.97E-01
38.6	4.58E-01	6.16E-01
38.61	4.77E-01	6.34E-01
38.62	4.95E-01	6.52E-01
38.63	5.12E-01	6.69E-01
38.64	5.29E-01	6.85E-01
38.65	5.44E-01	7.00E-01
38.66	5.57E-01	7.12E-01
38.67	5.67E-01	7.23E-01
38.68	5.76E-01	7.31E-01
38.69	5.81E-01	7.36E-01
38.7	5.83E-01	7.37E-01
38.71	5.82E-01	7.36E-01
38.72	5.78E-01	7.32E-01
38.73	5.71E-01	7.24E-01
38.74	5.60E-01	7.14E-01
38.75	5.46E-01	7.00E-01
38.76	5.29E-01	6.83E-01
38.77	5.09E-01	6.63E-01
38.78	4.87E-01	6.41E-01
38.79	4.61E-01	6.15E-01
38.8	4.33E-01	5.88E-01
38.81	4.03E-01	5.58E-01
38.82	3.72E-01	5.27E-01
38.83	3.38E-01	4.94E-01
38.84	3.04E-01	4.59E-01
38.85	2.68E-01	4.24E-01
38.86	2.32E-01	3.89E-01
38.87	1.96E-01	3.52E-01
38.88	1.59E-01	3.16E-01
38.89	1.23E-01	2.81E-01
38.9	8.75E-02	2.46E-01
38.91	5.31E-02	2.12E-01
38.92	2.02E-02	1.80E-01
38.93	-1.08E-02	1.49E-01
38.94	-3.98E-02	1.21E-01
38.95	-6.64E-02	9.54E-02
38.96	-9.04E-02	7.22E-02
38.97	-1.11E-01	5.20E-02
38.98	-1.29E-01	3.48E-02
38.99	-1.44E-01	2.07E-02
39	-1.56E-01	1.00E-02
39.01	-1.64E-01	2.72E-03
39.02	-1.69E-01	-1.08E-03
39.03	-1.69E-01	-1.28E-03
39.04	-1.67E-01	2.16E-03
39.05	-1.60E-01	9.25E-03
39.06	-1.50E-01	2.00E-02
39.07	-1.36E-01	3.42E-02
39.08	-1.19E-01	5.18E-02
39.09	-9.89E-02	7.27E-02
39.1	-7.53E-02	9.66E-02
39.11	-4.88E-02	1.24E-01
39.12	-1.94E-02	1.53E-01
39.13	1.25E-02	1.85E-01
39.14	4.66E-02	2.19E-01
39.15	8.26E-02	2.55E-01
39.16	1.20E-01	2.93E-01
39.17	1.59E-01	3.32E-01
39.18	1.99E-01	3.71E-01
39.19	2.39E-01	4.11E-01
39.2	2.79E-01	4.51E-01
39.21	3.20E-01	4.91E-01
39.22	3.59E-01	5.30E-01
39.23	3.98E-01	5.68E-01
39.24	4.36E-01	6.05E-01
39.25	4.73E-01	6.41E-01
39.26	5.07E-01	6.74E-01
39.27	5.40E-01	7.06E-01
39.28	5.71E-01	7.36E-01
39.29	5.99E-01	7.63E-01
39.3	6.25E-01	7.87E-01
39.31	6.48E-01	8.09E-01
39.32	6.67E-01	8.27E-01
39.33	6.83E-01	8.42E-01
39.34	6.96E-01	8.54E-01
39.35	7.05E-01	8.62E-01
39.36	7.11E-01	8.66E-01
39.37	7.12E-01	8.66E-01
39.38	7.10E-01	8.63E-01
39.39	7.04E-01	8.56E-01
39.4	6.94E-01	8.45E-01
39.41	6.80E-01	8.30E-01
39.42	6.64E-01	8.12E-01
39.43	6.44E-01	7.91E-01
39.44	6.21E-01	7.68E-01
39.45	5.95E-01	7.42E-01
39.46	5.68E-01	7.13E-01
39.47	5.38E-01	6.84E-01
39.48	5.08E-01	6.53E-01
39.49	4.76E-01	6.20E-01
39.5	4.43E-01	5.88E-01
39.51	4.10E-01	5.55E-01
39.52	3.77E-01	5.22E-01
39.53	3.45E-01	4.90E-01
39.54	3.12E-01	4.58E-01
39.55	2.81E-01	4.27E-01
39.56	2.51E-01	3.98E-01
39.57	2.21E-01	3.70E-01
39.58	1.94E-01	3.43E-01
39.59	1.68E-01	3.18E-01
39.6	1.45E-01	2.96E-01
39.61	1.23E-01	2.76E-01
39.62	1.05E-01	2.59E-01
39.63	8.89E-02	2.44E-01
39.64	7.57E-02	2.32E-01
39.65	6.52E-02	2.23E-01
39.66	5.76E-02	2.17E-01
39.67	5.29E-02	2.14E-01
39.68	5.09E-02	2.13E-01
39.69	5.16E-02	2.16E-01
39.7	5.48E-02	2.20E-01
39.71	6.03E-02	2.27E-01
39.72	6.78E-02	2.36E-01
39.73	7.71E-02	2.47E-01
39.74	8.78E-02	2.59E-01
39.75	9.96E-02	2.72E-01
39.76	1.12E-01	2.86E-01
39.77	1.26E-01	3.00E-01
39.78	1.39E-01	3.15E-01
39.79	1.54E-01	3.30E-01
39.8	1.68E-01	3.45E-01
39.81	1.82E-01	3.60E-01
39.82	1.97E-01	3.75E-01
39.83	2.12E-01	3.89E-01
39.84	2.26E-01	4.04E-01
39.85	2.41E-01	4.19E-01
39.86	2.56E-01	4.33E-01
39.87	2.71E-01	4.48E-01
39.88	2.86E-01	4.63E-01
39.89	3.01E-01	4.77E-01
39.9	3.17E-01	4.92E-01
39.91	3.32E-01	5.06E-01
39.92	3.47E-01	5.21E-01
39.93	3.63E-01	5.35E-01
39.94	3.77E-01	5.49E-01
39.95	3.92E-01	5.61E-01
39.96	4.05E-01	5.74E-01
39.97	4.18E-01	5.85E-01
39.98	4.29E-01	5.95E-01
39.99	4.40E-01	6.04E-01
40	4.49E-01	6.11E-01