0.00	0.00000000000000E+00
0.02	0.00000000000000E+00
0.04	0.00000000000000E+00
0.06	0.00000000000000E+00
0.08	0.00000000000000E+00
0.10	0.00000000000000E+00
0.12	0.00000000000000E+00
0.14	0.00000000000000E+00
0.16	0.00000000000000E+00
0.18	0.00000000000000E+00
0.20	0.00000000000000E+00
0.22	0.00000000000000E+00
0.24	0.00000000000000E+00
0.26	0.00000000000000E+00
0.28	0.00000000000000E+00
0.30	0.00000000000000E+00
0.32	0.00000000000000E+00
0.34	0.00000000000000E+00
0.36	0.00000000000000E+00
0.38	0.00000000000000E+00
0.40	0.00000000000000E+00
0.42	0.00000000000000E+00
0.44	0.00000000000000E+00
0.46	0.00000000000000E+00
0.48	0.00000000000000E+00
0.50	0.00000000000000E+00
0.52	0.00000000000000E+00
0.54	0.00000000000000E+00
0.56	0.00000000000000E+00
0.58	0.00000000000000E+00
0.60	0.00000000000000E+00
0.62	0.00000000000000E+00
0.64	0.00000000000000E+00
0.66	0.00000000000000E+00
0.68	0.00000000000000E+00
0.70	0.00000000000000E+00
0.72	0.00000000000000E+00
0.74	0.00000000000000E+00
0.76	0.00000000000000E+00
0.78	0.00000000000000E+00
0.80	0.00000000000000E+00
0.82	0.00000000000000E+00
0.84	0.00000000000000E+00
0.86	0.00000000000000E+00
0.88	0.00000000000000E+00
0.90	0.00000000000000E+00
0.92	0.00000000000000E+00
0.94	0.00000000000000E+00
0.96	0.00000000000000E+00
0.98	0.00000000000000E+00
1.00	0.00000000000000E+00
1.02	0.00000000000000E+00
1.04	0.00000000000000E+00
1.06	0.00000000000000E+00
1.08	0.00000000000000E+00
1.10	0.00000000000000E+00
1.12	0.00000000000000E+00
1.14	0.00000000000000E+00
1.16	0.00000000000000E+00
1.18	0.00000000000000E+00
1.20	0.00000000000000E+00
1.22	0.00000000000000E+00
1.24	0.00000000000000E+00
1.26	0.00000000000000E+00
1.28	0.00000000000000E+00
1.30	0.00000000000000E+00
1.32	0.00000000000000E+00
1.34	0.00000000000000E+00
1.36	0.00000000000000E+00
1.38	0.00000000000000E+00
1.40	0.00000000000000E+00
1.42	0.00000000000000E+00
1.44	0.00000000000000E+00
1.46	0.00000000000000E+00
1.48	0.00000000000000E+00
1.50	0.00000000000000E+00
1.52	0.00000000000000E+00
1.54	0.00000000000000E+00
1.56	0.00000000000000E+00
1.58	0.00000000000000E+00
1.60	0.00000000000000E+00
1.62	0.00000000000000E+00
1.64	0.00000000000000E+00
1.66	0.00000000000000E+00
1.68	0.00000000000000E+00
1.70	0.00000000000000E+00
1.72	0.00000000000000E+00
1.74	0.00000000000000E+00
1.76	0.00000000000000E+00
1.78	0.00000000000000E+00
1.80	0.00000000000000E+00
1.82	0.00000000000000E+00
1.84	0.00000000000000E+00
1.86	0.00000000000000E+00
1.88	0.00000000000000E+00
1.90	0.00000000000000E+00
1.92	0.00000000000000E+00
1.94	0.00000000000000E+00
1.96	0.00000000000000E+00
1.98	0.00000000000000E+00
2.00	0.00000000000000E+00
2.02	0.00000000000000E+00
2.04	0.00000000000000E+00
2.06	0.00000000000000E+00
2.08	0.00000000000000E+00
2.10	0.00000000000000E+00
2.12	0.00000000000000E+00
2.14	0.00000000000000E+00
2.16	0.00000000000000E+00
2.18	0.00000000000000E+00
2.20	0.00000000000000E+00
2.22	0.00000000000000E+00
2.24	0.00000000000000E+00
2.26	0.00000000000000E+00
2.28	0.00000000000000E+00
2.30	0.00000000000000E+00
2.32	0.00000000000000E+00
2.34	0.00000000000000E+00
2.36	0.00000000000000E+00
2.38	0.00000000000000E+00
2.40	0.00000000000000E+00
2.42	0.00000000000000E+00
2.44	0.00000000000000E+00
2.46	0.00000000000000E+00
2.48	0.00000000000000E+00
2.50	0.00000000000000E+00
2.52	0.00000000000000E+00
2.54	0.00000000000000E+00
2.56	0.00000000000000E+00
2.58	0.00000000000000E+00
2.60	0.00000000000000E+00
2.62	0.00000000000000E+00
2.64	0.00000000000000E+00
2.66	0.00000000000000E+00
2.68	0.00000000000000E+00
2.70	0.00000000000000E+00
2.72	0.00000000000000E+00
2.74	0.00000000000000E+00
2.76	0.00000000000000E+00
2.78	0.00000000000000E+00
2.80	0.00000000000000E+00
2.82	0.00000000000000E+00
2.84	0.00000000000000E+00
2.86	0.00000000000000E+00
2.88	0.00000000000000E+00
2.90	0.00000000000000E+00
2.92	0.00000000000000E+00
2.94	0.00000000000000E+00
2.96	0.00000000000000E+00
2.98	0.00000000000000E+00
3.00	0.00000000000000E+00
3.02	0.00000000000000E+00
3.04	0.00000000000000E+00
3.06	0.00000000000000E+00
3.08	0.00000000000000E+00
3.10	0.00000000000000E+00
3.12	0.00000000000000E+00
3.14	0.00000000000000E+00
3.16	0.00000000000000E+00
3.18	0.00000000000000E+00
3.20	0.00000000000000E+00
3.22	0.00000000000000E+00
3.24	0.00000000000000E+00
3.26	0.00000000000000E+00
3.28	0.00000000000000E+00
3.30	0.00000000000000E+00
3.32	0.00000000000000E+00
3.34	0.00000000000000E+00
3.36	0.00000000000000E+00
3.38	0.00000000000000E+00
3.40	0.00000000000000E+00
3.42	0.00000000000000E+00
3.44	0.00000000000000E+00
3.46	0.00000000000000E+00
3.48	0.00000000000000E+00
3.50	0.00000000000000E+00
3.52	0.00000000000000E+00
3.54	0.00000000000000E+00
3.56	0.00000000000000E+00
3.58	0.00000000000000E+00
3.60	0.00000000000000E+00
3.62	0.00000000000000E+00
3.64	0.00000000000000E+00
3.66	0.00000000000000E+00
3.68	0.00000000000000E+00
3.70	0.00000000000000E+00
3.72	0.00000000000000E+00
3.74	0.00000000000000E+00
3.76	0.00000000000000E+00
3.78	0.00000000000000E+00
3.80	0.00000000000000E+00
3.82	0.00000000000000E+00
3.84	0.00000000000000E+00
3.86	0.00000000000000E+00
3.88	0.00000000000000E+00
3.90	0.00000000000000E+00
3.92	0.00000000000000E+00
3.94	0.00000000000000E+00
3.96	0.00000000000000E+00
3.98	0.00000000000000E+00
4.00	0.00000000000000E+00
4.02	0.00000000000000E+00
4.04	0.00000000000000E+00
4.06	0.00000000000000E+00
4.08	0.00000000000000E+00
4.10	0.00000000000000E+00
4.12	0.00000000000000E+00
4.14	0.00000000000000E+00
4.16	0.00000000000000E+00
4.18	0.00000000000000E+00
4.20	0.00000000000000E+00
4.22	0.00000000000000E+00
4.24	0.00000000000000E+00
4.26	0.00000000000000E+00
4.28	0.00000000000000E+00
4.30	0.00000000000000E+00
4.32	0.00000000000000E+00
4.34	0.00000000000000E+00
4.36	0.00000000000000E+00
4.38	0.00000000000000E+00
4.40	0.00000000000000E+00
4.42	0.00000000000000E+00
4.44	0.00000000000000E+00
4.46	0.00000000000000E+00
4.48	0.00000000000000E+00
4.50	0.00000000000000E+00
4.52	0.00000000000000E+00
4.54	0.00000000000000E+00
4.56	0.00000000000000E+00
4.58	0.00000000000000E+00
4.60	0.00000000000000E+00
4.62	0.00000000000000E+00
4.64	0.00000000000000E+00
4.66	0.00000000000000E+00
4.68	0.00000000000000E+00
4.70	0.00000000000000E+00
4.72	0.00000000000000E+00
4.74	0.00000000000000E+00
4.76	0.00000000000000E+00
4.78	0.00000000000000E+00
4.80	0.00000000000000E+00
4.82	0.00000000000000E+00
4.84	0.00000000000000E+00
4.86	0.00000000000000E+00
4.88	0.00000000000000E+00
4.90	0.00000000000000E+00
4.92	0.00000000000000E+00
4.94	0.00000000000000E+00
4.96	0.00000000000000E+00
4.98	0.00000000000000E+00
5.00	-7.50694392312889E-05
5.02	7.50694392312889E-05
5.04	0.00000000000000E+00
5.06	0.00000000000000E+00
5.08	0.00000000000000E+00
5.10	7.50694392312889E-05
5.12	0.00000000000000E+00
5.14	0.00000000000000E+00
5.16	7.50694392312889E-05
5.18	0.00000000000000E+00
5.20	0.00000000000000E+00
5.22	7.50694392312889E-05
5.24	0.00000000000000E+00
5.26	0.00000000000000E+00
5.28	0.00000000000000E+00
5.30	0.00000000000000E+00
5.32	0.00000000000000E+00
5.34	0.00000000000000E+00
5.36	0.00000000000000E+00
5.38	0.00000000000000E+00
5.40	7.50694392312889E-05
5.42	0.00000000000000E+00
5.44	-7.50694392312889E-05
5.46	0.00000000000000E+00
5.48	0.00000000000000E+00
5.50	0.00000000000000E+00
5.52	0.00000000000000E+00
5.54	0.00000000000000E+00
5.56	7.50694392312889E-05
5.58	0.00000000000000E+00
5.60	0.00000000000000E+00
5.62	0.00000000000000E+00
5.64	-7.50694392312889E-05
5.66	0.00000000000000E+00
5.68	0.00000000000000E+00
5.70	0.00000000000000E+00
5.72	0.00000000000000E+00
5.74	0.00000000000000E+00
5.76	0.00000000000000E+00
5.78	0.00000000000000E+00
5.80	0.00000000000000E+00
5.82	0.00000000000000E+00
5.84	0.00000000000000E+00
5.86	0.00000000000000E+00
5.88	0.00000000000000E+00
5.90	7.50694392312889E-05
5.92	0.00000000000000E+00
5.94	0.00000000000000E+00
5.96	0.00000000000000E+00
5.98	0.00000000000000E+00
6.00	0.00000000000000E+00
6.02	0.00000000000000E+00
6.04	0.00000000000000E+00
6.06	0.00000000000000E+00
6.08	0.00000000000000E+00
6.10	7.50694392312889E-05
6.12	0.00000000000000E+00
6.14	0.00000000000000E+00
6.16	0.00000000000000E+00
6.18	0.00000000000000E+00
6.20	0.00000000000000E+00
6.22	7.50694392312889E-05
6.24	0.00000000000000E+00
6.26	0.00000000000000E+00
6.28	0.00000000000000E+00
6.30	0.00000000000000E+00
6.32	0.00000000000000E+00
6.34	0.00000000000000E+00
6.36	0.00000000000000E+00
6.38	0.00000000000000E+00
6.40	0.00000000000000E+00
6.42	0.00000000000000E+00
6.44	0.00000000000000E+00
6.46	0.00000000000000E+00
6.48	0.00000000000000E+00
6.50	0.00000000000000E+00
6.52	0.00000000000000E+00
6.54	0.00000000000000E+00
6.56	0.00000000000000E+00
6.58	0.00000000000000E+00
6.60	0.00000000000000E+00
6.62	0.00000000000000E+00
6.64	0.00000000000000E+00
6.66	0.00000000000000E+00
6.68	7.50694392312889E-05
6.70	0.00000000000000E+00
6.72	0.00000000000000E+00
6.74	0.00000000000000E+00
6.76	0.00000000000000E+00
6.78	0.00000000000000E+00
6.80	0.00000000000000E+00
6.82	0.00000000000000E+00
6.84	0.00000000000000E+00
6.86	0.00000000000000E+00
6.88	0.00000000000000E+00
6.90	0.00000000000000E+00
6.92	0.00000000000000E+00
6.94	0.00000000000000E+00
6.96	0.00000000000000E+00
6.98	-7.50694392312889E-05
7.00	0.00000000000000E+00
7.02	0.00000000000000E+00
7.04	0.00000000000000E+00
7.06	0.00000000000000E+00
7.08	0.00000000000000E+00
7.10	0.00000000000000E+00
7.12	0.00000000000000E+00
7.14	0.00000000000000E+00
7.16	0.00000000000000E+00
7.18	0.00000000000000E+00
7.20	0.00000000000000E+00
7.22	0.00000000000000E+00
7.24	0.00000000000000E+00
7.26	0.00000000000000E+00
7.28	0.00000000000000E+00
7.30	0.00000000000000E+00
7.32	0.00000000000000E+00
7.34	0.00000000000000E+00
7.36	0.00000000000000E+00
7.38	0.00000000000000E+00
7.40	0.00000000000000E+00
7.42	0.00000000000000E+00
7.44	0.00000000000000E+00
7.46	0.00000000000000E+00
7.48	0.00000000000000E+00
7.50	0.00000000000000E+00
7.52	0.00000000000000E+00
7.54	0.00000000000000E+00
7.56	0.00000000000000E+00
7.58	0.00000000000000E+00
7.60	0.00000000000000E+00
7.62	0.00000000000000E+00
7.64	0.00000000000000E+00
7.66	0.00000000000000E+00
7.68	0.00000000000000E+00
7.70	0.00000000000000E+00
7.72	0.00000000000000E+00
7.74	0.00000000000000E+00
7.76	0.00000000000000E+00
7.78	0.00000000000000E+00
7.80	0.00000000000000E+00
7.82	0.00000000000000E+00
7.84	0.00000000000000E+00
7.86	0.00000000000000E+00
7.88	0.00000000000000E+00
7.90	0.00000000000000E+00
7.92	0.00000000000000E+00
7.94	0.00000000000000E+00
7.96	0.00000000000000E+00
7.98	0.00000000000000E+00
8.00	0.00000000000000E+00
8.02	0.00000000000000E+00
8.04	0.00000000000000E+00
8.06	0.00000000000000E+00
8.08	0.00000000000000E+00
8.10	0.00000000000000E+00
8.12	0.00000000000000E+00
8.14	0.00000000000000E+00
8.16	0.00000000000000E+00
8.18	0.00000000000000E+00
8.20	0.00000000000000E+00
8.22	0.00000000000000E+00
8.24	0.00000000000000E+00
8.26	0.00000000000000E+00
8.28	0.00000000000000E+00
8.30	0.00000000000000E+00
8.32	0.00000000000000E+00
8.34	0.00000000000000E+00
8.36	0.00000000000000E+00
8.38	0.00000000000000E+00
8.40	0.00000000000000E+00
8.42	0.00000000000000E+00
8.44	0.00000000000000E+00
8.46	0.00000000000000E+00
8.48	0.00000000000000E+00
8.50	0.00000000000000E+00
8.52	0.00000000000000E+00
8.54	0.00000000000000E+00
8.56	0.00000000000000E+00
8.58	0.00000000000000E+00
8.60	0.00000000000000E+00
8.62	0.00000000000000E+00
8.64	0.00000000000000E+00
8.66	0.00000000000000E+00
8.68	0.00000000000000E+00
8.70	0.00000000000000E+00
8.72	0.00000000000000E+00
8.74	0.00000000000000E+00
8.76	0.00000000000000E+00
8.78	0.00000000000000E+00
8.80	0.00000000000000E+00
8.82	0.00000000000000E+00
8.84	0.00000000000000E+00
8.86	0.00000000000000E+00
8.88	0.00000000000000E+00
8.90	0.00000000000000E+00
8.92	0.00000000000000E+00
8.94	0.00000000000000E+00
8.96	0.00000000000000E+00
8.98	0.00000000000000E+00
9.00	0.00000000000000E+00
9.02	0.00000000000000E+00
9.04	0.00000000000000E+00
9.06	0.00000000000000E+00
9.08	0.00000000000000E+00
9.10	0.00000000000000E+00
9.12	0.00000000000000E+00
9.14	0.00000000000000E+00
9.16	0.00000000000000E+00
9.18	0.00000000000000E+00
9.20	0.00000000000000E+00
9.22	0.00000000000000E+00
9.24	0.00000000000000E+00
9.26	0.00000000000000E+00
9.28	0.00000000000000E+00
9.30	0.00000000000000E+00
9.32	0.00000000000000E+00
9.34	0.00000000000000E+00
9.36	0.00000000000000E+00
9.38	0.00000000000000E+00
9.40	0.00000000000000E+00
9.42	0.00000000000000E+00
9.44	0.00000000000000E+00
9.46	0.00000000000000E+00
9.48	0.00000000000000E+00
9.50	0.00000000000000E+00
9.52	0.00000000000000E+00
9.54	0.00000000000000E+00
9.56	0.00000000000000E+00
9.58	0.00000000000000E+00
9.60	0.00000000000000E+00
9.62	0.00000000000000E+00
9.64	0.00000000000000E+00
9.66	0.00000000000000E+00
9.68	0.00000000000000E+00
9.70	0.00000000000000E+00
9.72	0.00000000000000E+00
9.74	0.00000000000000E+00
9.76	0.00000000000000E+00
9.78	0.00000000000000E+00
9.80	0.00000000000000E+00
9.82	0.00000000000000E+00
9.84	0.00000000000000E+00
9.86	0.00000000000000E+00
9.88	0.00000000000000E+00
9.90	0.00000000000000E+00
9.92	0.00000000000000E+00
9.94	0.00000000000000E+00
9.96	0.00000000000000E+00
9.98	0.00000000000000E+00
10.00	0.00000000000000E+00
10.02	0.00000000000000E+00
10.04	0.00000000000000E+00
10.06	0.00000000000000E+00
10.08	0.00000000000000E+00
10.10	0.00000000000000E+00
10.12	0.00000000000000E+00
10.14	0.00000000000000E+00
10.16	0.00000000000000E+00
10.18	0.00000000000000E+00
10.20	0.00000000000000E+00
10.22	0.00000000000000E+00
10.24	0.00000000000000E+00
10.26	0.00000000000000E+00
10.28	0.00000000000000E+00
10.30	0.00000000000000E+00
10.32	0.00000000000000E+00
10.34	0.00000000000000E+00
10.36	0.00000000000000E+00
10.38	0.00000000000000E+00
10.40	0.00000000000000E+00
10.42	0.00000000000000E+00
10.44	0.00000000000000E+00
10.46	0.00000000000000E+00
10.48	0.00000000000000E+00
10.50	0.00000000000000E+00
10.52	0.00000000000000E+00
10.54	0.00000000000000E+00
10.56	0.00000000000000E+00
10.58	0.00000000000000E+00
10.60	0.00000000000000E+00
10.62	0.00000000000000E+00
10.64	0.00000000000000E+00
10.66	0.00000000000000E+00
10.68	0.00000000000000E+00
10.70	0.00000000000000E+00
10.72	0.00000000000000E+00
10.74	0.00000000000000E+00
10.76	0.00000000000000E+00
10.78	0.00000000000000E+00
10.80	0.00000000000000E+00
10.82	0.00000000000000E+00
10.84	0.00000000000000E+00
10.86	0.00000000000000E+00
10.88	0.00000000000000E+00
10.90	0.00000000000000E+00
10.92	0.00000000000000E+00
10.94	0.00000000000000E+00
10.96	0.00000000000000E+00
10.98	0.00000000000000E+00
11.00	0.00000000000000E+00
11.02	0.00000000000000E+00
11.04	0.00000000000000E+00
11.06	0.00000000000000E+00
11.08	0.00000000000000E+00
11.10	0.00000000000000E+00
11.12	0.00000000000000E+00
11.14	0.00000000000000E+00
11.16	0.00000000000000E+00
11.18	0.00000000000000E+00
11.20	0.00000000000000E+00
11.22	0.00000000000000E+00
11.24	0.00000000000000E+00
11.26	0.00000000000000E+00
11.28	0.00000000000000E+00
11.30	0.00000000000000E+00
11.32	0.00000000000000E+00
11.34	0.00000000000000E+00
11.36	0.00000000000000E+00
11.38	0.00000000000000E+00
11.40	0.00000000000000E+00
11.42	0.00000000000000E+00
11.44	0.00000000000000E+00
11.46	0.00000000000000E+00
11.48	0.00000000000000E+00
11.50	0.00000000000000E+00
11.52	0.00000000000000E+00
11.54	0.00000000000000E+00
11.56	0.00000000000000E+00
11.58	0.00000000000000E+00
11.60	0.00000000000000E+00
11.62	0.00000000000000E+00
11.64	0.00000000000000E+00
11.66	0.00000000000000E+00
11.68	0.00000000000000E+00
11.70	0.00000000000000E+00
11.72	0.00000000000000E+00
11.74	0.00000000000000E+00
11.76	0.00000000000000E+00
11.78	0.00000000000000E+00
11.80	0.00000000000000E+00
11.82	0.00000000000000E+00
11.84	0.00000000000000E+00
11.86	0.00000000000000E+00
11.88	0.00000000000000E+00
11.90	0.00000000000000E+00
11.92	0.00000000000000E+00
11.94	0.00000000000000E+00
11.96	0.00000000000000E+00
11.98	0.00000000000000E+00
12.00	0.00000000000000E+00
12.02	0.00000000000000E+00
12.04	0.00000000000000E+00
12.06	0.00000000000000E+00
12.08	0.00000000000000E+00
12.10	0.00000000000000E+00
12.12	0.00000000000000E+00
12.14	0.00000000000000E+00
12.16	0.00000000000000E+00
12.18	0.00000000000000E+00
12.20	0.00000000000000E+00
12.22	0.00000000000000E+00
12.24	0.00000000000000E+00
12.26	0.00000000000000E+00
12.28	0.00000000000000E+00
12.30	0.00000000000000E+00
12.32	0.00000000000000E+00
12.34	-7.50694392312889E-05
12.36	0.00000000000000E+00
12.38	0.00000000000000E+00
12.40	-7.50694392312889E-05
12.42	7.50694392312889E-05
12.44	0.00000000000000E+00
12.46	0.00000000000000E+00
12.48	7.50694392312889E-05
12.50	-7.50694392312889E-05
12.52	0.00000000000000E+00
12.54	7.50694392312889E-05
12.56	-1.50138878462577E-04
12.58	7.50694392312889E-05
12.60	0.00000000000000E+00
12.62	-2.25208317693866E-04
12.64	3.00277756925155E-04
12.66	-1.50138878462577E-04
12.68	-8.25763831544178E-04
12.70	2.25208317693866E-04
12.72	9.00833270775467E-04
12.74	0.00000000000000E+00
12.76	-7.50694392312889E-05
12.78	7.50694392312889E-05
12.80	-3.00277756925155E-04
12.82	-1.50138878462577E-04
12.84	7.50694392312889E-05
12.86	7.50694392312889E-05
12.88	1.50138878462577E-04
12.90	7.50694392312889E-05
12.92	7.50694392312889E-05
12.94	0.00000000000000E+00
12.96	-2.25208317693866E-04
12.98	0.00000000000000E+00
13.00	7.50694392312889E-05
13.02	0.00000000000000E+00
13.04	2.25208317693866E-04
13.06	-7.50694392312889E-05
13.08	-4.50416635387733E-04
13.10	-7.50694392312889E-05
13.12	2.25208317693866E-04
13.14	1.50138878462577E-04
13.16	0.00000000000000E+00
13.18	-3.00277756925155E-04
13.20	0.00000000000000E+00
13.22	3.00277756925155E-04
13.24	-7.50694392312889E-05
13.26	-1.50138878462577E-04
13.28	2.25208317693866E-04
13.30	0.00000000000000E+00
13.32	-2.25208317693866E-04
13.34	-2.25208317693866E-04
13.36	0.00000000000000E+00
13.38	1.50138878462577E-04
13.40	7.50694392312889E-05
13.42	1.50138878462577E-04
13.44	1.50138878462577E-04
13.46	-1.50138878462577E-04
13.48	-1.50138878462577E-04
13.50	0.00000000000000E+00
13.52	1.50138878462577E-04
13.54	2.25208317693866E-04
13.56	-2.25208317693866E-04
13.58	-3.00277756925155E-04
13.60	2.25208317693866E-04
13.62	-7.50694392312889E-05
13.64	0.00000000000000E+00
13.66	3.00277756925155E-04
13.68	-1.50138878462577E-04
13.70	-1.50138878462577E-04
13.72	7.50694392312889E-05
13.74	-1.50138878462577E-04
13.76	1.50138878462577E-04
13.78	1.50138878462577E-04
13.80	-7.50694392312889E-05
13.82	0.00000000000000E+00
13.84	-2.25208317693866E-04
13.86	7.50694392312889E-05
13.88	4.50416635387733E-04
13.90	-3.00277756925155E-04
13.92	-3.00277756925155E-04
13.94	3.00277756925155E-04
13.96	7.50694392312889E-05
13.98	0.00000000000000E+00
14.00	-1.50138878462577E-04
14.02	-3.75347196156444E-04
14.04	3.00277756925155E-04
14.06	3.75347196156444E-04
14.08	-2.25208317693866E-04
14.10	-3.00277756925155E-04
14.12	-2.25208317693866E-04
14.14	1.50138878462577E-04
14.16	3.75347196156444E-04
14.18	0.00000000000000E+00
14.20	0.00000000000000E+00
14.22	7.50694392312889E-05
14.24	-3.00277756925155E-04
14.26	1.50138878462577E-04
14.28	3.75347196156444E-04
14.30	-3.75347196156444E-04
14.32	-2.25208317693866E-04
14.34	2.25208317693866E-04
14.36	-7.50694392312889E-05
14.38	-7.50694392312889E-05
14.40	1.50138878462577E-04
14.42	0.00000000000000E+00
14.44	-7.50694392312889E-05
14.46	0.00000000000000E+00
14.48	0.00000000000000E+00
14.50	7.50694392312889E-05
14.52	0.00000000000000E+00
14.54	7.50694392312889E-05
14.56	-7.50694392312889E-05
14.58	-3.75347196156444E-04
14.60	1.50138878462577E-04
14.62	0.00000000000000E+00
14.64	-1.50138878462577E-04
14.66	6.00555513850311E-04
14.68	-6.75624953081600E-04
14.70	0.00000000000000E+00
14.72	3.52826364387058E-03
14.74	-3.00277756925155E-04
14.76	-5.25486074619022E-03
14.78	7.50694392312889E-05
14.80	3.07784700848284E-03
14.82	-1.12604158846933E-03
14.84	-6.75624953081600E-04
14.86	1.12604158846933E-03
14.88	-7.50694392312889E-05
14.90	6.75624953081600E-04
14.92	3.00277756925155E-04
14.94	-1.27618046693191E-03
14.96	0.00000000000000E+00
14.98	0.00000000000000E+00
15.00	-6.75624953081600E-04
15.02	9.00833270775467E-04
15.04	4.50416635387733E-04
15.06	-4.50416635387733E-04
15.08	6.75624953081600E-04
15.10	-2.25208317693866E-04
15.12	-1.12604158846933E-03
15.14	3.75347196156444E-04
15.16	4.50416635387733E-04
15.18	-1.50138878462577E-04
15.20	4.50416635387733E-04
15.22	7.50694392312889E-05
15.24	-4.50416635387733E-04
15.26	0.00000000000000E+00
15.28	-2.25208317693866E-04
15.30	-1.50138878462577E-04
15.32	2.25208317693866E-04
15.34	-7.50694392312889E-05
15.36	2.25208317693866E-04
15.38	3.75347196156444E-04
15.40	0.00000000000000E+00
15.42	3.00277756925155E-04
15.44	-1.50138878462577E-04
15.46	-6.75624953081600E-04
15.48	7.50694392312889E-05
15.50	3.00277756925155E-04
15.52	-2.25208317693866E-04
15.54	0.00000000000000E+00
15.56	2.25208317693866E-04
15.58	3.00277756925155E-04
15.60	7.50694392312889E-05
15.62	-2.25208317693866E-04
15.64	0.00000000000000E+00
15.66	1.50138878462577E-04
15.68	-3.75347196156444E-04
15.70	-2.25208317693866E-04
15.72	2.25208317693866E-04
15.74	-7.50694392312889E-05
15.76	-2.25208317693866E-04
15.78	2.25208317693866E-04
15.80	3.00277756925155E-04
15.82	7.50694392312889E-05
15.84	7.50694392312889E-05
15.86	-2.25208317693866E-04
15.88	-3.75347196156444E-04
15.90	2.25208317693866E-04
15.92	7.50694392312889E-05
15.94	-2.25208317693866E-04
15.96	2.25208317693866E-04
15.98	2.25208317693866E-04
16.00	-7.50694392312889E-05
16.02	0.00000000000000E+00
16.04	-2.25208317693866E-04
16.06	-2.25208317693866E-04
16.08	2.25208317693866E-04
16.10	1.50138878462577E-04
16.12	-1.50138878462577E-04
16.14	1.50138878462577E-04
16.16	1.50138878462577E-04
16.18	-3.75347196156444E-04
16.20	0.00000000000000E+00
16.22	6.00555513850311E-04
16.24	-3.75347196156444E-04
16.26	-3.75347196156444E-04
16.28	7.50694392312889E-04
16.30	7.50694392312889E-05
16.32	-4.50416635387733E-04
16.34	3.00277756925155E-04
16.36	-1.50138878462577E-04
16.38	-3.00277756925155E-04
16.40	2.25208317693866E-04
16.42	-7.50694392312889E-05
16.44	0.00000000000000E+00
16.46	0.00000000000000E+00
16.48	-7.50694392312889E-05
16.50	3.75347196156444E-04
16.52	-3.00277756925155E-04
16.54	-5.25486074619022E-04
16.56	6.00555513850311E-04
16.58	0.00000000000000E+00
16.60	-3.75347196156444E-04
16.62	6.00555513850311E-04
16.64	-7.50694392312889E-05
16.66	-5.25486074619022E-04
16.68	4.50416635387733E-04
16.70	3.00277756925155E-04
16.72	-2.25208317693866E-04
16.74	-1.50138878462577E-04
16.76	-7.50694392312889E-05
16.78	1.50138878462577E-04
16.80	7.50694392312889E-05
16.82	-1.50138878462577E-04
16.84	-7.50694392312889E-05
16.86	-7.50694392312889E-05
16.88	1.50138878462577E-04
16.90	2.25208317693866E-04
16.92	-1.50138878462577E-04
16.94	0.00000000000000E+00
16.96	0.00000000000000E+00
16.98	-1.50138878462577E-04
17.00	2.25208317693866E-04
17.02	1.50138878462577E-04
17.04	-2.25208317693866E-04
17.06	0.00000000000000E+00
17.08	1.50138878462577E-04
17.10	-7.50694392312889E-05
17.12	-7.50694392312889E-05
17.14	0.00000000000000E+00
17.16	-7.50694392312889E-05
17.18	-1.50138878462577E-04
17.20	7.50694392312889E-05
17.22	3.75347196156444E-04
17.24	1.50138878462577E-04
17.26	-2.25208317693866E-04
17.28	-1.50138878462577E-04
17.30	0.00000000000000E+00
17.32	-7.50694392312889E-05
17.34	-7.50694392312889E-05
17.36	7.50694392312889E-05
17.38	2.25208317693866E-04
17.40	-7.50694392312889E-05
17.42	-1.50138878462577E-04
17.44	2.25208317693866E-04
17.46	1.50138878462577E-04
17.48	-2.25208317693866E-04
17.50	-1.50138878462577E-04
17.52	7.50694392312889E-05
17.54	0.00000000000000E+00
17.56	-7.50694392312889E-05
17.58	0.00000000000000E+00
17.60	-7.50694392312889E-05
17.62	-7.50694392312889E-05
17.64	2.25208317693866E-04
17.66	7.50694392312889E-05
17.68	-1.50138878462577E-04
17.70	7.50694392312889E-05
17.72	1.50138878462577E-04
17.74	-7.50694392312889E-05
17.76	0.00000000000000E+00
17.78	7.50694392312889E-05
17.80	-7.50694392312889E-05
17.82	-1.50138878462577E-04
17.84	0.00000000000000E+00
17.86	3.00277756925155E-04
17.88	0.00000000000000E+00
17.90	-2.25208317693866E-04
17.92	7.50694392312889E-05
17.94	0.00000000000000E+00
17.96	-1.50138878462577E-04
17.98	1.50138878462577E-04
18.00	-7.50694392312889E-05
18.02	-3.00277756925155E-04
18.04	0.00000000000000E+00
18.06	1.50138878462577E-04
18.08	1.50138878462577E-04
18.10	-7.50694392312889E-05
18.12	-7.50694392312889E-05
18.14	1.50138878462577E-04
18.16	7.50694392312889E-05
18.18	1.50138878462577E-04
18.20	-1.50138878462577E-04
18.22	-3.00277756925155E-04
18.24	3.75347196156444E-04
18.26	-3.00277756925155E-04
18.28	-3.00277756925155E-04
18.30	1.80166654155093E-03
18.32	7.50694392312889E-05
18.34	-2.62743037309511E-03
18.36	1.50138878462577E-04
18.38	1.20111102770062E-03
18.40	-6.75624953081600E-04
18.42	1.50138878462577E-04
18.44	3.75347196156444E-04
18.46	-4.50416635387733E-04
18.48	6.00555513850311E-04
18.50	2.25208317693866E-04
18.52	-6.75624953081600E-04
18.54	1.50138878462577E-04
18.56	0.00000000000000E+00
18.58	-7.50694392312889E-05
18.60	4.50416635387733E-04
18.62	-2.25208317693866E-04
18.64	-7.50694392312889E-05
18.66	5.25486074619022E-04
18.68	-3.75347196156444E-04
18.70	-4.50416635387733E-04
18.72	3.00277756925155E-04
18.74	-7.50694392312889E-05
18.76	-7.50694392312889E-05
18.78	3.00277756925155E-04
18.80	0.00000000000000E+00
18.82	-7.50694392312889E-05
18.84	7.50694392312889E-05
18.86	-2.25208317693866E-04
18.88	-1.50138878462577E-04
18.90	2.25208317693866E-04
18.92	1.50138878462577E-04
18.94	0.00000000000000E+00
18.96	0.00000000000000E+00
18.98	1.50138878462577E-04
19.00	1.50138878462577E-04
19.02	-7.50694392312889E-05
19.04	-2.25208317693866E-04
19.06	-7.50694392312889E-05
19.08	7.50694392312889E-05
19.10	-7.50694392312889E-05
19.12	-7.50694392312889E-05
19.14	1.50138878462577E-04
19.16	1.50138878462577E-04
19.18	-7.50694392312889E-05
19.20	0.00000000000000E+00
19.22	1.50138878462577E-04
19.24	-7.50694392312889E-05
19.26	-2.25208317693866E-04
19.28	-7.50694392312889E-05
19.30	0.00000000000000E+00
19.32	0.00000000000000E+00
19.34	0.00000000000000E+00
19.36	1.50138878462577E-04
19.38	7.50694392312889E-05
19.40	-7.50694392312889E-05
19.42	7.50694392312889E-05
19.44	-7.50694392312889E-05
19.46	-2.25208317693866E-04
19.48	7.50694392312889E-05
19.50	0.00000000000000E+00
19.52	-1.50138878462577E-04
19.54	2.25208317693866E-04
19.56	1.50138878462577E-04
19.58	-1.50138878462577E-04
19.60	0.00000000000000E+00
19.62	0.00000000000000E+00
19.64	0.00000000000000E+00
19.66	2.25208317693866E-04
19.68	0.00000000000000E+00
19.70	-2.25208317693866E-04
19.72	0.00000000000000E+00
19.74	7.50694392312889E-05
19.76	-7.50694392312889E-05
19.78	0.00000000000000E+00
19.80	3.00277756925155E-04
19.82	-1.50138878462577E-04
19.84	-2.25208317693866E-04
19.86	3.00277756925155E-04
19.88	7.50694392312889E-05
19.90	-1.50138878462577E-04
19.92	1.50138878462577E-04
19.94	-7.50694392312889E-05
19.96	-7.50694392312889E-05
19.98	7.50694392312889E-05
20.00	-2.25208317693866E-04
20.02	-7.50694392312889E-05
20.04	1.50138878462577E-04
20.06	0.00000000000000E+00
20.08	7.50694392312889E-05
20.10	0.00000000000000E+00
20.12	0.00000000000000E+00
20.14	1.50138878462577E-04
20.16	-1.50138878462577E-04
20.18	0.00000000000000E+00
20.20	2.25208317693866E-04
20.22	-2.25208317693866E-04
20.24	-1.50138878462577E-04
20.26	2.25208317693866E-04
20.28	0.00000000000000E+00
20.30	-1.50138878462577E-04
20.32	-1.50138878462577E-04
20.34	7.50694392312889E-05
20.36	2.25208317693866E-04
20.38	-1.50138878462577E-04
20.40	0.00000000000000E+00
20.42	2.25208317693866E-04
20.44	-7.50694392312889E-05
20.46	-7.50694392312889E-05
20.48	0.00000000000000E+00
20.50	0.00000000000000E+00
20.52	0.00000000000000E+00
20.54	-1.50138878462577E-04
20.56	7.50694392312889E-05
20.58	2.25208317693866E-04
20.60	0.00000000000000E+00
20.62	-7.50694392312889E-05
20.64	-7.50694392312889E-05
20.66	-7.50694392312889E-05
20.68	1.50138878462577E-04
20.70	7.50694392312889E-05
20.72	-1.50138878462577E-04
20.74	7.50694392312889E-05
20.76	7.50694392312889E-05
20.78	0.00000000000000E+00
20.80	0.00000000000000E+00
20.82	7.50694392312889E-05
20.84	0.00000000000000E+00
20.86	-7.50694392312889E-05
20.88	-7.50694392312889E-05
20.90	0.00000000000000E+00
20.92	-7.50694392312889E-05
20.94	-7.50694392312889E-05
20.96	7.50694392312889E-05
20.98	7.50694392312889E-05
21.00	7.50694392312889E-05
21.02	0.00000000000000E+00
21.04	-7.50694392312889E-05
21.06	7.50694392312889E-05
21.08	7.50694392312889E-05
21.10	0.00000000000000E+00
21.12	0.00000000000000E+00
21.14	0.00000000000000E+00
21.16	0.00000000000000E+00
21.18	-7.50694392312889E-05
21.20	-1.50138878462577E-04
21.22	1.50138878462577E-04
21.24	1.50138878462577E-04
21.26	-2.25208317693866E-04
21.28	-1.50138878462577E-04
21.30	1.50138878462577E-04
21.32	0.00000000000000E+00
21.34	0.00000000000000E+00
21.36	7.50694392312889E-05
21.38	-7.50694392312889E-05
21.40	-7.50694392312889E-05
21.42	1.50138878462577E-04
21.44	7.50694392312889E-05
21.46	0.00000000000000E+00
21.48	0.00000000000000E+00
21.50	0.00000000000000E+00
21.52	0.00000000000000E+00
21.54	-7.50694392312889E-05
21.56	0.00000000000000E+00
21.58	7.50694392312889E-05
21.60	-1.50138878462577E-04
21.62	-1.50138878462577E-04
21.64	1.50138878462577E-04
21.66	7.50694392312889E-05
21.68	-1.50138878462577E-04
21.70	-7.50694392312889E-05
21.72	1.50138878462577E-04
21.74	7.50694392312889E-05
21.76	-7.50694392312889E-05
21.78	-7.50694392312889E-05
21.80	0.00000000000000E+00
21.82	7.50694392312889E-05
21.84	-7.50694392312889E-05
21.86	0.00000000000000E+00
21.88	7.50694392312889E-05
21.90	-7.50694392312889E-05
21.92	-7.50694392312889E-05
21.94	7.50694392312889E-05
21.96	7.50694392312889E-05
21.98	-7.50694392312889E-05
22.00	0.00000000000000E+00
22.02	0.00000000000000E+00
22.04	-7.50694392312889E-05
22.06	0.00000000000000E+00
22.08	7.50694392312889E-05
22.10	7.50694392312889E-05
22.12	-7.50694392312889E-05
22.14	7.50694392312889E-05
22.16	1.50138878462577E-04
22.18	-7.50694392312889E-05
22.20	-7.50694392312889E-05
22.22	7.50694392312889E-05
22.24	0.00000000000000E+00
22.26	-7.50694392312889E-05
22.28	-7.50694392312889E-05
22.30	-7.50694392312889E-05
22.32	1.50138878462577E-04
22.34	2.25208317693866E-04
22.36	-7.50694392312889E-05
22.38	-1.50138878462577E-04
22.40	0.00000000000000E+00
22.42	0.00000000000000E+00
22.44	0.00000000000000E+00
22.46	7.50694392312889E-05
22.48	0.00000000000000E+00
22.50	1.50138878462577E-04
22.52	-7.50694392312889E-05
22.54	-2.25208317693866E-04
22.56	1.50138878462577E-04
22.58	2.25208317693866E-04
22.60	-2.25208317693866E-04
22.62	-7.50694392312889E-05
22.64	1.50138878462577E-04
22.66	0.00000000000000E+00
22.68	-7.50694392312889E-05
22.70	0.00000000000000E+00
22.72	0.00000000000000E+00
22.74	7.50694392312889E-05
22.76	-7.50694392312889E-05
22.78	7.50694392312889E-05
22.80	1.50138878462577E-04
22.82	-1.50138878462577E-04
22.84	-7.50694392312889E-05
22.86	2.25208317693866E-04
22.88	0.00000000000000E+00
22.90	-7.50694392312889E-05
22.92	1.50138878462577E-04
22.94	0.00000000000000E+00
22.96	-1.50138878462577E-04
22.98	0.00000000000000E+00
23.00	7.50694392312889E-05
23.02	2.25208317693866E-04
23.04	0.00000000000000E+00
23.06	-2.25208317693866E-04
23.08	1.50138878462577E-04
23.10	1.50138878462577E-04
23.12	-7.50694392312889E-05
23.14	0.00000000000000E+00
23.16	-7.50694392312889E-05
23.18	0.00000000000000E+00
23.20	7.50694392312889E-05
23.22	0.00000000000000E+00
23.24	0.00000000000000E+00
23.26	-7.50694392312889E-05
23.28	-7.50694392312889E-05
23.30	0.00000000000000E+00
23.32	-7.50694392312889E-05
23.34	7.50694392312889E-05
23.36	7.50694392312889E-05
23.38	-1.50138878462577E-04
23.40	7.50694392312889E-05
23.42	0.00000000000000E+00
23.44	-1.50138878462577E-04
23.46	1.50138878462577E-04
23.48	7.50694392312889E-05
23.50	0.00000000000000E+00
23.52	1.50138878462577E-04
23.54	-7.50694392312889E-05
23.56	-7.50694392312889E-05
23.58	7.50694392312889E-05
23.60	0.00000000000000E+00
23.62	0.00000000000000E+00
23.64	0.00000000000000E+00
23.66	-7.50694392312889E-05
23.68	-7.50694392312889E-05
23.70	7.50694392312889E-05
23.72	0.00000000000000E+00
23.74	0.00000000000000E+00
23.76	7.50694392312889E-05
23.78	-7.50694392312889E-05
23.80	0.00000000000000E+00
23.82	0.00000000000000E+00
23.84	-2.25208317693866E-04
23.86	1.50138878462577E-04
23.88	2.25208317693866E-04
23.90	-2.25208317693866E-04
23.92	7.50694392312889E-05
23.94	7.50694392312889E-05
23.96	-1.50138878462577E-04
23.98	2.25208317693866E-04
24.00	-7.50694392312889E-05
24.02	0.00000000000000E+00
24.04	2.25208317693866E-04
24.06	-3.00277756925155E-04
24.08	7.50694392312889E-05
24.10	1.50138878462577E-04
24.12	-3.00277756925155E-04
24.14	2.25208317693866E-04
24.16	-7.50694392312889E-05
24.18	-2.25208317693866E-04
24.20	3.75347196156444E-04
24.22	-1.50138878462577E-04
24.24	-7.50694392312889E-05
24.26	1.50138878462577E-04
24.28	-1.50138878462577E-04
24.30	7.50694392312889E-05
24.32	-1.50138878462577E-04
24.34	7.50694392312889E-05
24.36	3.00277756925155E-04
24.38	-3.75347196156444E-04
24.40	1.50138878462577E-04
24.42	2.25208317693866E-04
24.44	-3.00277756925155E-04
24.46	3.00277756925155E-04
24.48	-2.25208317693866E-04
24.50	-2.25208317693866E-04
24.52	3.75347196156444E-04
24.54	-3.00277756925155E-04
24.56	1.50138878462577E-04
24.58	2.25208317693866E-04
24.60	-4.50416635387733E-04
24.62	3.00277756925155E-04
24.64	-7.50694392312889E-05
24.66	-1.50138878462577E-04
24.68	3.75347196156444E-04
24.70	-4.50416635387733E-04
24.72	1.50138878462577E-04
24.74	2.25208317693866E-04
24.76	-4.50416635387733E-04
24.78	3.75347196156444E-04
24.80	-7.50694392312889E-05
24.82	-1.50138878462577E-04
24.84	3.75347196156444E-04
24.86	-4.50416635387733E-04
24.88	-7.50694392312889E-05
24.90	3.00277756925155E-04
24.92	-3.00277756925155E-04
24.94	1.50138878462577E-04
24.96	4.50416635387733E-04
24.98	-1.05097214923804E-03
25.00	-3.75347196156444E-03
25.02	-2.77756925155769E-03
25.04	-3.75347196156444E-04
25.06	-1.12604158846933E-03
25.08	-7.50694392312889E-05
25.10	-9.23354102544854E-03
25.12	-2.20704151339989E-02
25.14	-6.00555513850311E-03
25.16	2.40222205540124E-03
25.18	-2.24457623301553E-02
25.20	-1.53141656031829E-02
25.22	6.90638840927858E-03
25.24	-1.29119435477816E-02
25.26	-4.20388859695218E-03
25.28	3.10036784025223E-02
25.30	-3.60333308310186E-03
25.32	-3.58831919525561E-02
25.34	-2.61992342917198E-02
25.36	-5.59267322273102E-02
25.38	-2.15449290593799E-02
25.40	7.37181893251257E-02
25.42	3.35560393363861E-02
25.44	-2.25208317693866E-04
25.46	6.56857593273778E-02
25.48	1.23864574731626E-02
25.50	-5.00713159672697E-02
25.52	2.47729149463253E-03
25.54	-3.97868027925831E-03
25.56	-1.19360408377749E-02
25.58	1.63651377524209E-02
25.60	-2.27460400870805E-02
25.62	-3.78349973725696E-02
25.64	-3.50574281210119E-02
25.66	-5.19480519480519E-02
25.68	-3.46070114856242E-02
25.70	-2.68748592448014E-02
25.72	2.18452068163050E-02
25.74	9.83409653929885E-03
25.76	-1.52841378274904E-01
25.78	-1.28669018842429E-01
25.80	-7.86727723143908E-02
25.82	-2.71225883942646E-01
25.84	-1.52015614443360E-01
25.86	1.77013737707379E-01
25.88	7.72464529689963E-02
25.90	-6.08813152165753E-02
25.92	8.31769386682681E-02
25.94	1.06073117633811E-01
25.96	-5.59267322273102E-02
25.98	-1.30846032580136E-01
26.00	-6.00555513850311E-03
26.02	8.03242999774791E-02
26.04	-5.14225658734329E-02
26.06	-3.84355528864199E-02
26.08	1.94579986487500E-01
26.10	2.24908039936941E-01
26.12	5.45754823211470E-02
26.14	-7.51445086705202E-02
26.16	-6.59109676450716E-02
26.18	9.42872156744989E-02
26.20	1.58546655656482E-01
26.22	4.53419412956985E-02
26.24	4.15133998949027E-02
26.26	1.15231589220028E-01
26.28	1.78665265370467E-02
26.30	-1.05772839876886E-01
26.32	-3.45319420463929E-02
26.34	9.57135350198933E-02
26.36	1.13655130996171E-01
26.38	4.95458298926507E-02
26.40	-3.15291644771413E-02
26.42	-5.69026349373170E-02
26.44	-6.54605510096839E-02
26.46	-1.43082351174836E-01
26.48	-7.34179115682005E-02
26.50	1.35725546130170E-01
26.52	5.89295097965618E-02
26.54	-1.08099992493056E-01
26.56	2.84513174686585E-02
26.58	7.70963140905337E-02
26.60	-7.53697169882140E-02
26.62	5.70527738157795E-03
26.64	1.33773740710156E-01
26.66	2.40222205540124E-02
26.68	-5.87793709180992E-02
26.70	-4.60175662487801E-02
26.72	-5.16477741911267E-02
26.74	-4.25643720441408E-02
26.76	-7.74716612866901E-02
26.78	-9.93919375422265E-02
26.80	-1.95180542001351E-03
26.82	3.82854140079573E-02
26.84	-1.75662487801216E-02
26.86	-2.52984010209443E-02
26.88	-1.71158321447338E-02
26.90	-2.58238870955633E-02
26.92	-3.90361084002702E-02
26.94	-4.12131221379776E-02
26.96	1.80166654155093E-03
26.98	-6.53104121312213E-03
27.00	-5.52511072742286E-02
27.02	-1.73410404624277E-02
27.04	1.73410404624277E-02
27.06	1.96681930785977E-02
27.08	5.79536070865550E-02
27.10	5.23233991442083E-02
27.12	-1.42631934539448E-03
27.14	-6.37339539073643E-02
27.16	-7.18414533443435E-02
27.18	4.78943022295623E-02
27.20	5.77283987688611E-02
27.22	-5.34494407326777E-02
27.24	6.42594399819833E-02
27.26	1.84520681630508E-01
27.28	6.15569401696569E-02
27.30	1.74161099016590E-02
27.32	-1.77914570978154E-02
27.34	-1.75287140605059E-01
27.36	-1.30695893701674E-01
27.38	-8.48284663313565E-03
27.40	2.14698596201486E-02
27.42	1.96456722468283E-01
27.44	2.25583664890023E-01
27.46	-5.60018016665415E-02
27.48	-9.66136175962765E-02
27.50	1.98183319570602E-02
27.52	-1.56744989114931E-01
27.54	-3.44118309436228E-01
27.56	-2.39846858343968E-01
27.58	3.59582613917874E-02
27.60	2.12896929659935E-01
27.62	5.17228436303580E-02
27.64	-2.20554012461526E-01
27.66	-2.44726371894001E-01
27.68	-9.21102019367915E-02
27.70	6.15569401696569E-02
27.72	1.36401171083252E-01
27.74	2.19127693116132E-01
27.76	5.45079198258389E-01
27.78	9.05187298250882E-01
27.80	6.52428496359132E-01
27.82	-1.64402071916522E-01
27.84	-5.96351625253359E-01
27.86	-5.57540725170783E-01
27.88	-6.96869604384055E-01
27.90	-2.96749493281285E-01
27.92	7.22543352601156E-01
27.94	6.26004053749718E-01
27.96	1.09526311838450E-01
27.98	8.11575707529464E-01
28.00	1.00000000000000E+00
28.02	-1.06073117633811E-01
28.04	-5.64522183019292E-01
28.06	-2.86540049545829E-01
28.08	-5.11973575557390E-02
28.10	2.67622550859545E-01
28.12	1.44884017716387E-01
28.14	-2.46528038435552E-01
28.16	-4.99211770888071E-02
28.18	8.99331881990841E-02
28.20	-1.70858043690413E-01
28.22	-1.23864574731626E-02
28.24	1.40379851362510E-01
28.26	-4.38480594549958E-01
28.28	-7.36281059980481E-01
28.30	-1.38728323699421E-01
28.32	1.54492905937992E-01
28.34	-3.95465805870430E-01
28.36	-7.97237444636288E-01
28.38	-4.85023646873357E-01
28.40	7.04902034381803E-02
28.42	2.53284287966368E-01
28.44	9.24855491329479E-02
28.46	1.04947076045341E-01
28.48	1.57795961264169E-01
28.50	-5.86292320396366E-02
28.52	8.58794384805945E-02
28.54	6.40417386082125E-01
28.56	5.67675099467007E-01
28.58	6.83131897004729E-02
28.60	8.25013137151865E-02
28.62	8.55791607236693E-02
28.64	-3.26176713459950E-01
28.66	-2.73027550484197E-01
28.68	1.87823736956684E-01
28.70	3.21672547106073E-01
28.72	3.51925531116282E-01
28.74	2.83912619172734E-01
28.76	1.49388184070264E-02
28.78	1.24540199684708E-01
28.80	3.06133173185196E-01
28.82	3.70843029802567E-02
28.84	-1.13504992117708E-01
28.86	-1.25666241273177E-01
28.88	-1.98558666766759E-01
28.90	1.07124089783049E-01
28.92	2.81960813752721E-01
28.94	-1.83019292845882E-01
28.96	-4.73462953231739E-01
28.98	-3.14766158696794E-01
29.00	-1.56219503040312E-01
29.02	-4.00120111102770E-02
29.04	-5.70527738157795E-02
29.06	-1.67104571728849E-01
29.08	-4.81945799864875E-02
29.10	1.24990616320096E-01
29.12	7.65708280159147E-02
29.14	-1.23113880339313E-02
29.16	7.65708280159147E-03
29.18	7.80722168005405E-03
29.20	-1.29569852113204E-01
29.22	-2.37895052923954E-01
29.24	-1.66128669018842E-01
29.26	-1.16057353051572E-01
29.28	-9.72149238045191E-02
29.30	6.72622175512348E-02
29.32	1.32947976878612E-01
29.34	-5.25486074619022E-04
29.36	-4.61677051272426E-02
29.38	-3.22047894302229E-02
29.40	-5.88544403573305E-02
29.42	-1.32872907439381E-02
29.44	6.97395090458674E-02
29.46	8.32520081074994E-02
29.48	-2.10945124239921E-02
29.50	-1.48487350799489E-01
29.52	-1.08850686885368E-01
29.54	1.25365963516252E-02
29.56	1.08700548006906E-01
29.58	1.84145334434351E-01
29.60	7.36431198858944E-02
29.62	-9.04586742737031E-02
29.64	-1.93679153216725E-02
29.66	6.29081900758201E-02
29.68	-1.89925681255161E-02
29.70	-7.05652728774116E-02
29.72	-2.13197207416860E-02
29.74	1.68906238270400E-02
29.76	-3.28804143833045E-02
29.78	-2.92020118609713E-02
29.80	1.05322423241498E-01
29.82	1.67630057803468E-01
29.84	1.52015614443360E-01
29.86	9.21852713760228E-02
29.88	-7.33428421289692E-02
29.90	-6.59109676450716E-02
29.92	9.57135350198933E-02
29.94	6.38090233465956E-03
29.96	-1.41130545754823E-01
29.98	-7.04902034381803E-02
30.00	2.02687485924480E-03
30.02	-6.45597177389084E-03
30.04	-2.31964567224682E-02
30.06	-6.11815929735004E-02
30.08	-6.96644396066361E-02
30.10	1.10352075669994E-02
30.12	8.98581187598528E-02
30.14	1.85421514901283E-02
30.16	-7.43938142782073E-02
30.18	-1.05097214923804E-03
30.20	3.27302755048419E-02
30.22	-8.28766609113429E-02
30.24	-1.22738533143157E-01
30.26	-5.17228436303580E-02
30.28	2.85263869078897E-02
30.30	8.94827715636964E-02
30.32	1.15156519780797E-01
30.34	1.16132422490803E-01
30.36	4.81945799864875E-02
30.38	-5.79536070865550E-02
30.40	-6.42594399819833E-02
30.42	-3.08535395240597E-02
30.44	-3.23549283086855E-02
30.46	-2.07191652278357E-02
30.48	-5.96802041888747E-02
30.50	-1.25441032955483E-01
30.52	-7.88229111928533E-02
30.54	-2.40222205540124E-03
30.56	-2.31213872832369E-02
30.58	-8.12251332482546E-02
30.60	-1.06823812026124E-01
30.62	-8.79063133398393E-02
30.64	-2.80009008332707E-02
30.66	8.10749943697920E-03
30.68	-9.30861046467982E-03
30.70	2.48479843855566E-02
30.72	1.19435477816980E-01
30.74	1.04571728849185E-01
30.76	-3.37812476540800E-03
30.78	1.67404849485774E-02
30.80	1.31371518654755E-01
30.82	1.09000825763831E-01
30.84	1.85421514901283E-02
30.86	4.24142331656782E-02
30.88	4.06876360633586E-02
30.90	-1.92928458824412E-02
30.92	8.58043690413632E-02
30.94	2.00735680504466E-01
30.96	1.08850686885368E-01
30.98	3.34059004579235E-02
31.00	4.83447188649500E-02
31.02	4.77441633510997E-02
31.04	8.19007582013362E-02
31.06	3.36311087756174E-02
31.08	-1.15231589220028E-01
31.10	-9.43622851137301E-02
31.12	-9.08340214698596E-03
31.14	-9.81908265145259E-02
31.16	-1.78515126492005E-01
31.18	-1.29494782673973E-01
31.20	-8.51287440882816E-02
31.22	-7.32677726897380E-02
31.24	-3.87358306433450E-02
31.26	1.45634712108700E-02
31.28	2.15449290593799E-02
31.30	-4.27895803618346E-02
31.32	-7.47691614743637E-02
31.34	-2.44726371894001E-02
31.36	1.42631934539448E-02
31.38	-1.17108325200810E-02
31.40	-6.37339539073643E-02
31.42	-7.61954808197582E-02
31.44	-2.54485398994069E-02
31.46	3.19795811125290E-02
31.48	6.15569401696569E-02
31.50	6.67367314766158E-02
31.52	6.23076345619698E-02
31.54	9.57135350198933E-02
31.56	1.17859019593123E-01
31.58	8.85068688536896E-02
31.60	1.04196381653029E-01
31.62	7.73965918474588E-02
31.64	-4.90203438180316E-02
31.66	-1.23113880339313E-02
31.68	1.22213047068538E-01
31.70	7.73215224082276E-02
31.72	2.89768035432775E-02
31.74	6.59109676450716E-02
31.76	1.77163876585841E-02
31.78	-2.65745814878762E-02
31.80	-6.30583289542827E-03
31.82	-8.33270775467307E-03
31.84	-1.26867352300878E-02
31.86	-2.46227760678627E-02
31.88	-3.43818031679303E-02
31.90	-3.13039561594474E-02
31.92	-7.67960363336085E-02
31.94	-1.10201936791532E-01
31.96	-9.15096464229412E-02
31.98	-6.55356204489152E-02
32.00	-7.28173560543502E-03
32.02	1.77163876585841E-02
32.04	-2.00435402747541E-02
32.06	-1.90676375647473E-02
32.08	-1.22363185947000E-02
32.10	-2.44726371894001E-02
32.12	-1.88424292470535E-02
32.14	-1.79415959762780E-02
32.16	3.20546505517603E-02
32.18	9.20351324975602E-02
32.20	4.48915246603107E-02
32.22	-1.58396516778019E-02
32.24	-2.39471511147811E-02
32.26	-8.55791607236693E-03
32.28	3.27302755048419E-02
32.30	2.61241648524885E-02
32.32	2.32715261616995E-03
32.34	3.16793033556039E-02
32.36	4.20388859695218E-03
32.38	-4.09128443810524E-02
32.40	1.26116657908565E-02
32.42	5.74281210119360E-02
32.44	3.48322198033180E-02
32.46	-1.32122213047068E-02
32.48	-6.36588844681330E-02
32.50	-4.72186772764807E-02
32.52	1.20861797162375E-02
32.54	2.80009008332707E-02
32.56	1.13354853239246E-02
32.58	-2.05690263493731E-02
32.60	-1.86922903685909E-02
32.62	4.12131221379776E-02
32.64	3.53577058779370E-02
32.66	-3.96366639141205E-02
32.68	-4.56422190526236E-02
32.70	-1.87673598078222E-03
32.72	2.01936791532167E-02
32.74	1.23864574731626E-02
32.76	-3.16042339163726E-02
32.78	-4.33150664364537E-02
32.80	7.28173560543502E-03
32.82	2.87515952255836E-02
32.84	1.87673598078222E-03
32.86	-3.34059004579235E-02
32.88	-3.43067337286990E-02
32.90	3.64837474664064E-02
32.92	6.82381202612416E-02
32.94	-7.50694392312889E-05
32.96	-2.92020118609713E-02
32.98	6.75624953081600E-04
33.00	2.43975677501689E-02
33.02	5.93799264319495E-02
33.04	5.40499962465280E-02
33.06	-5.48006906388409E-03
33.08	-3.10036784025223E-02
33.10	-1.78665265370467E-02
33.12	-4.27895803618346E-03
33.14	-1.57645822385706E-02
33.16	-3.37061782148487E-02
33.18	-1.42631934539448E-03
33.20	1.03595826139178E-02
33.22	-5.08970797988139E-02
33.24	-8.01741610990165E-02
33.26	-5.14976353126642E-02
33.28	-2.07191652278357E-02
33.30	-1.98934013962915E-02
33.32	-5.33743712934464E-02
33.34	-3.82103445687260E-02
33.36	1.40379851362510E-02
33.38	-1.40379851362510E-02
33.40	-4.48915246603107E-02
33.42	1.23864574731626E-02
33.44	4.48164552210795E-02
33.46	1.59897905562645E-02
33.48	3.00277756925155E-03
33.50	-1.10352075669994E-02
33.52	-2.91269424217401E-02
33.54	1.63651377524209E-02
33.56	5.69026349373170E-02
33.58	-7.50694392312889E-05
33.60	-2.95773590571278E-02
33.62	3.67089557841002E-02
33.64	5.85541626004053E-02
33.66	1.44133323324074E-02
33.68	-4.95458298926506E-03
33.70	5.02965242849635E-03
33.72	1.08850686885368E-02
33.74	-2.07942346670670E-02
33.76	-4.84197883041813E-02
33.78	-2.10194429847609E-03
33.80	3.52826364387058E-02
33.82	1.19360408377749E-02
33.84	1.51640267247203E-02
33.86	2.98025673748217E-02
33.88	4.42909691464604E-03
33.90	6.00555513850311E-04
33.92	2.88266646648149E-02
33.94	2.61241648524885E-02
33.96	4.72937467157120E-03
33.98	1.60648599954958E-02
34.00	4.58674273703175E-02
34.02	4.99211770888071E-02
34.04	2.69499286840327E-02
34.06	2.17701373770737E-02
34.08	5.24735380226709E-02
34.10	6.09563846558066E-02
34.12	3.65588169056377E-02
34.14	3.85106223256512E-02
34.16	2.37970122363185E-02
34.18	-3.52826364387058E-02
34.20	-4.25643720441408E-02
34.22	-1.42631934539448E-02
34.24	-1.96681930785977E-02
34.26	-2.26709706478492E-02
34.28	-2.77006230763456E-02
34.30	-3.25050671871481E-02
34.32	-6.75624953081600E-03
34.34	-1.43382628931761E-02
34.36	-5.55513850311538E-02
34.38	-6.66616620373845E-02
34.40	-6.58358982058404E-02
34.42	-5.11222881165077E-02
34.44	-3.13039561594474E-02
34.46	-4.19638165302905E-02
34.48	-2.12446513024547E-02
34.50	4.97710382103445E-02
34.52	9.78154793183694E-02
34.54	9.50379100668117E-02
34.56	4.65430523233991E-02
34.58	-4.95458298926506E-03
34.60	-1.72659710231964E-02
34.62	2.77756925155769E-03
34.64	5.29990240972899E-02
34.66	4.75189550334058E-02
34.68	-6.32084678327452E-02
34.70	-1.11327978380001E-01
34.72	-5.17979130695893E-02
34.74	-7.28173560543502E-03
34.76	4.36153441933788E-02
34.78	8.06996471736356E-02
34.80	4.09879138202837E-02
34.82	1.95931236393664E-02
34.84	1.11102770062307E-02
34.86	-3.17543727948352E-02
34.88	-2.25208317693866E-03
34.90	5.26236769011335E-02
34.92	1.87673598078222E-02
34.94	-4.57923579310862E-03
34.96	1.86922903685909E-02
34.98	1.23113880339313E-02
35.00	1.23864574731626E-02
35.02	2.13947901809173E-02
35.04	-2.34216650401621E-02
35.06	-5.56264544703851E-02
35.08	-4.35402747541475E-02
35.10	-8.91824938067712E-02
35.12	-1.22062908190075E-01
35.14	-2.19202762555363E-02
35.16	5.10472186772764E-02
35.18	1.12604158846933E-03
35.20	-2.26709706478492E-02
35.22	2.20704151339989E-02
35.24	5.93048569927182E-02
35.26	1.59147211170332E-02
35.28	-6.53104121312213E-02
35.30	-8.33270775467307E-03
35.32	8.20508970797988E-02
35.34	1.86922903685909E-02
35.36	-1.46385406501013E-02
35.38	3.29554838225358E-02
35.40	2.74754147586517E-02
35.42	3.90361084002702E-02
35.44	3.58081225133248E-02
35.46	-2.06440957886044E-02
35.48	-2.26709706478492E-02
35.50	-2.58238870955633E-02
35.52	-2.76255536371143E-02
35.54	4.95458298926506E-03
35.56	-2.64995120486449E-02
35.58	-2.14698596201486E-02
35.60	2.04188874709105E-02
35.62	-3.72344418587193E-02
35.64	-3.37061782148487E-02
35.66	1.92928458824412E-02
35.68	-1.15606936416184E-02
35.70	1.47886795285639E-02
35.72	1.95931236393664E-02
35.74	-6.53854815704526E-02
35.76	-3.83604834471886E-02
35.78	9.98423541776142E-03
35.80	-1.88424292470535E-02
35.82	-2.41723594324750E-02
35.84	-3.17543727948352E-02
35.86	8.55791607236693E-03
35.88	6.51602732527588E-02
35.90	1.53141656031829E-02
35.92	1.77163876585841E-02
35.94	5.62270099842354E-02
35.96	-8.85819382929209E-03
35.98	-1.32122213047068E-02
36.00	2.04188874709105E-02
36.02	-1.27618046693191E-02
36.04	-2.85263869078897E-03
36.06	-7.20666616620373E-03
36.08	-3.04781923279033E-02
36.10	9.30861046467982E-03
36.12	-6.00555513850311E-03
36.14	-2.39471511147811E-02
36.16	5.02965242849635E-03
36.18	-5.84790931611740E-02
36.20	-6.96644396066361E-02
36.22	4.33150664364537E-02
36.24	5.88544403573305E-02
36.26	8.10749943697920E-03
36.28	1.81668042939719E-02
36.30	5.38247879288341E-02
36.32	6.04308985811876E-02
36.34	2.15449290593799E-02
36.36	3.58831919525561E-02
36.38	7.61204113805269E-02
36.40	4.05374971848960E-03
36.42	-3.16042339163726E-02
36.44	1.69656932662713E-02
36.46	-1.68155543878087E-02
36.48	-3.59582613917874E-02
36.50	2.25208317693866E-04
36.52	-1.74911793408903E-02
36.54	-1.22363185947000E-02
36.56	3.45319420463929E-03
36.58	-3.37061782148487E-02
36.60	-4.20388859695218E-02
36.62	-3.19795811125290E-02
36.64	-4.87951355003378E-03
36.66	6.07311763381127E-02
36.68	5.60018016665415E-02
36.70	-1.13354853239246E-02
36.72	-4.78943022295623E-02
36.74	-4.26394414833721E-02
36.76	9.08340214698596E-03
36.78	3.29554838225358E-02
36.80	-7.88229111928533E-03
36.82	-2.48479843855566E-02
36.84	-4.02372194279708E-02
36.86	-6.35838150289017E-02
36.88	-2.48479843855566E-02
36.90	-6.75624953081600E-03
36.92	-4.47413857818482E-02
36.94	-3.65588169056377E-02
36.96	-1.11102770062307E-02
36.98	-8.85819382929209E-03
37.00	3.09286089632910E-02
37.02	6.85383980181668E-02
37.04	2.22956234516928E-02
37.06	-4.06876360633586E-02
37.08	-5.70527738157795E-03
37.10	6.41093011035207E-02
37.12	2.65745814878762E-02
37.14	-2.50731927032505E-02
37.16	5.02214548457323E-02
37.18	1.11853464454620E-01
37.20	7.55949253059079E-02
37.22	6.99647173635612E-02
37.24	6.56106898881465E-02
37.26	5.63020794234667E-03
37.28	-1.50138878462577E-03
37.30	2.03438180316793E-02
37.32	-1.73410404624277E-02
37.34	-3.57330530740935E-02
37.36	7.20666616620373E-03
37.38	3.14540950379100E-02
37.40	1.20861797162375E-02
37.42	-2.77756925155769E-03
37.44	-1.31371518654755E-02
37.46	-3.84355528864199E-02
37.48	-2.37970122363185E-02
37.50	2.55236093386382E-03
37.52	-3.95615944748892E-02
37.54	-5.08220103595826E-02
37.56	-1.09601381277681E-02
37.58	-2.85263869078897E-02
37.60	-2.54485398994069E-02
37.62	1.42631934539448E-03
37.64	-4.81945799864875E-02
37.66	-5.26987463403648E-02
37.68	5.25486074619022E-03
37.70	-1.36626379400945E-02
37.72	-5.12724269949703E-02
37.74	-3.93363861571954E-02
37.76	-4.12881915772089E-03
37.78	3.55829141956309E-02
37.80	2.46227760678627E-02
37.82	-1.30620824262442E-02
37.84	-1.11853464454620E-02
37.86	1.35124990616320E-03
37.88	5.70527738157795E-03
37.90	1.17859019593123E-02
37.92	2.46978455070940E-02
37.94	3.37061782148487E-02
37.96	1.50889572854890E-02
37.98	1.12604158846933E-02
38.00	3.90361084002702E-03
38.02	-4.81187598528639E-02
38.04	-2.81510397117333E-02
38.06	3.40815254110051E-02
38.08	-5.25486074619022E-03
38.10	-3.40064559717738E-02
38.12	1.87673598078222E-03
38.14	-2.92770813002026E-03
38.16	-3.52826364387058E-03
38.18	8.18256887621049E-03
38.20	-1.50138878462577E-02
38.22	7.50694392312889E-05
38.24	3.34809698971548E-02
38.26	1.91427070039786E-02
38.28	1.18609713985436E-02
38.30	1.92177764432099E-02
38.32	9.53381878237369E-03
38.34	-5.93048569927182E-03
38.36	-2.55986787778695E-02
38.38	-1.67404849485774E-02
38.40	1.57645822385706E-02
38.42	-5.40499962465280E-03
38.44	-3.40815254110051E-02
38.46	-2.92770813002026E-03
38.48	-1.50138878462577E-03
38.50	-3.04781923279033E-02
38.52	6.23076345619698E-03
38.54	2.45477066286314E-02
38.56	-3.19795811125290E-02
38.58	-3.01779145709781E-02
38.60	2.92020118609713E-02
38.62	3.32557615794610E-02
38.64	1.44884017716387E-02
38.66	1.17859019593123E-02
38.68	6.45597177389084E-03
38.70	2.89768035432775E-02
38.72	4.73688161549433E-02
38.74	-6.00555513850311E-04
38.76	-3.75347196156444E-02
38.78	-6.00555513850311E-03
38.80	2.06440957886044E-02
38.82	2.08693041062983E-02
38.84	2.58238870955633E-02
38.86	1.54643044816455E-02
38.88	4.50416635387733E-04
38.90	1.23864574731626E-02
38.92	1.68906238270400E-02
38.94	2.77756925155769E-03
38.96	5.48006906388409E-03
38.98	1.45634712108700E-02
39.00	1.38127768185571E-02
39.02	1.68906238270400E-02
39.04	2.03438180316793E-02
39.06	2.35718039186247E-02
39.08	2.19953456947676E-02
39.10	-1.72659710231964E-03
39.12	-1.16357630808497E-02
39.14	1.06598603708430E-02
39.16	2.25208317693866E-03
39.18	-3.33308310186922E-02
39.20	-4.23391637264469E-02
39.22	-4.81187598528639E-02
39.24	-5.05968020418887E-02
39.26	-2.93521507394339E-02
39.28	-2.72502064409578E-02
39.30	-3.20546505517603E-02
39.32	-1.60648599954958E-02
39.34	-2.42466781773140E-02
39.36	-3.46820809248554E-02
39.38	-1.49388184070264E-02
39.40	-6.90638840927858E-03
39.42	7.50694392312889E-05
39.44	1.03595826139178E-02
39.46	9.75902710006756E-04
39.48	1.71909015839651E-02
39.50	3.85106223256512E-02
39.52	9.68395766083627E-03
39.54	-1.23864574731626E-02
39.56	-1.16357630808497E-02
39.58	-1.65903460701148E-02
39.60	8.33270775467307E-03
39.62	2.80009008332707E-02
39.64	-9.00833270775467E-03
39.66	-2.28211095263118E-02
39.68	2.29712484047744E-02
39.70	4.35402747541475E-02
39.72	1.92177764432099E-02
39.74	6.53104121312213E-03
39.76	5.02965242849635E-03
39.78	1.27618046693191E-03
39.80	1.55393739208768E-02
39.82	1.57645822385706E-02
39.84	-1.69656932662713E-02
39.86	-1.19360408377749E-02
39.88	2.99527062532842E-02
39.90	2.11695818632234E-02
39.92	-3.01028451317468E-02
39.94	-4.92455521357255E-02
39.96	-3.23549283086855E-02
39.98	-2.19953456947676E-02
40.00	-1.07349298100743E-02
40.02	2.12446513024547E-02
40.04	2.76255536371143E-02
40.06	2.47729149463253E-03
40.08	8.18256887621049E-03
40.10	2.24457623301553E-02
40.12	5.85541626004053E-03
40.14	6.00555513850311E-04
40.16	1.17859019593123E-02
40.18	1.53892350424142E-02
40.20	2.31964567224682E-02
40.22	2.34967344793934E-02
40.24	4.42909691464604E-03
40.26	-6.75624953081600E-03
40.28	5.17979130695893E-03
40.30	1.92928458824412E-02
40.32	8.03242999774791E-03
40.34	-1.24615269123939E-02
40.36	-1.21612491554688E-02
40.38	-1.67404849485774E-02
40.40	-3.45319420463929E-02
40.42	-1.94429847609038E-02
40.44	1.38878462577884E-02
40.46	8.25763831544178E-03
40.48	-9.45874934314240E-03
40.50	3.82854140079573E-03
40.52	1.26867352300878E-02
40.54	7.05652728774116E-03
40.56	1.46385406501013E-02
40.58	6.75624953081600E-03
40.60	-8.48284663313565E-03
40.62	6.98145784850987E-03
40.64	2.40222205540124E-03
40.66	-2.14698596201486E-02
40.68	-1.11853464454620E-02
40.70	-1.03595826139178E-02
40.72	-1.11853464454620E-02
40.74	1.42631934539448E-02
40.76	-1.47886795285639E-02
40.78	-6.26079123188949E-02
40.80	-4.04624277456647E-02
40.82	-1.43382628931761E-02
40.84	-2.32715261616995E-03
40.86	1.84670820508970E-02
40.88	1.50138878462577E-03
40.90	-1.02094437354552E-02
40.92	1.53892350424142E-02
40.94	5.17979130695893E-03
40.96	-1.79415959762780E-02
40.98	1.65152766308835E-03
41.00	1.65903460701148E-02
41.02	2.40222205540124E-03
41.04	2.10194429847609E-03
41.06	2.13947901809173E-02
41.08	1.67404849485774E-02
41.10	3.75347196156444E-04
41.12	7.43187448389760E-03
41.14	3.00277756925155E-04
41.16	-8.10749943697920E-03
41.18	2.19953456947676E-02
41.20	1.93679153216725E-02
41.22	-1.24615269123939E-02
41.24	4.35402747541475E-03
41.26	2.37219427970873E-02
41.28	2.06440957886044E-02
41.30	1.89925681255161E-02
41.32	-9.08340214698596E-03
41.34	-2.60490954132572E-02
41.36	-5.40499962465280E-03
41.38	-2.32715261616995E-03
41.40	3.00277756925155E-03
41.42	2.67997898055701E-02
41.44	2.15449290593799E-02
41.46	3.45319420463929E-03
41.48	-6.30583289542827E-03
41.50	-2.05690263493731E-02
41.52	-2.04188874709105E-02
41.54	-8.48284663313565E-03
41.56	-8.33270775467307E-03
41.58	-6.68118009158471E-03
41.60	-6.75624953081600E-04
41.62	-5.32993018542151E-03
41.64	-6.23076345619698E-03
41.66	1.87673598078222E-03
41.68	-3.45319420463929E-03
41.70	-6.83131897004729E-03
41.72	7.95736055851662E-03
41.74	5.17979130695893E-03
41.76	-9.75902710006756E-03
41.78	3.60333308310186E-03
41.80	2.06440957886044E-02
41.82	6.15569401696569E-03
41.84	-2.30463178440057E-02
41.86	-3.25801366263794E-02
41.88	-1.44133323324074E-02
41.90	3.07784700848284E-03
41.92	5.85541626004053E-03
41.94	4.27895803618346E-03
41.96	-2.40222205540124E-03
41.98	-6.15569401696569E-03
42.00	5.78034682080924E-03
42.02	2.19953456947676E-02
42.04	1.35124990616320E-02
42.06	-9.60888822160498E-03
42.08	8.25763831544178E-03
42.10	2.94272201786652E-02
42.12	8.25763831544178E-04
42.14	1.17859019593123E-02
42.16	4.95458298926507E-02
42.18	1.05847909316117E-02
42.20	-1.80917348547406E-02
42.22	7.05652728774116E-03
42.24	2.85263869078897E-03
42.26	-3.30305532617671E-03
42.28	-2.55236093386382E-03
42.30	-1.44133323324074E-02
42.32	3.52826364387058E-03
42.34	8.10749943697920E-03
42.36	-1.71909015839651E-02
42.38	-7.20666616620373E-03
42.40	6.83131897004729E-03
42.42	-1.65152766308835E-03
42.44	-5.78034682080924E-03
42.46	-1.05097214923804E-02
42.48	-9.45874934314240E-03
42.50	-1.47886795285639E-02
42.52	-2.39471511147811E-02
42.54	1.80166654155093E-03
42.56	2.02687485924480E-02
42.58	6.00555513850311E-03
42.60	7.80722168005405E-03
42.62	1.00593048569927E-02
42.64	-7.58201336236018E-03
42.66	-1.34374296224007E-02
42.68	-4.20388859695218E-03
42.70	1.65152766308835E-03
42.72	-7.80722168005405E-03
42.74	-1.74911793408903E-02
42.76	-7.43187448389760E-03
42.78	-2.32715261616995E-03
42.80	-9.08340214698596E-03
42.82	-1.65152766308835E-03
42.84	8.78312439006080E-03
42.86	6.08062457773440E-03
42.88	6.00555513850311E-04
42.90	-5.17979130695893E-03
42.92	-1.13354853239246E-02
42.94	-1.08099992493056E-02
42.96	-6.98145784850987E-03
42.98	-4.35402747541475E-03
43.00	5.10472186772764E-03
43.02	1.00593048569927E-02
43.04	-9.75902710006756E-04
43.06	4.50416635387733E-04
43.08	9.45874934314240E-03
43.10	2.25208317693866E-04
43.12	3.45319420463929E-03
43.14	1.14105547631559E-02
43.16	-7.58201336236018E-03
43.18	-6.60611065235342E-03
43.20	8.93326326852338E-03
43.22	-1.01343742962240E-02
43.24	-1.20111102770062E-02
43.26	1.41130545754823E-02
43.28	4.57923579310862E-03
43.30	-1.20111102770062E-02
43.32	-6.30583289542827E-03
43.34	-1.24615269123939E-02
43.36	-8.25763831544178E-03
43.38	1.65903460701148E-02
43.40	1.64402071916522E-02
43.42	7.73215224082276E-03
43.44	1.48637489677952E-02
43.46	7.95736055851662E-03
43.48	-7.65708280159147E-03
43.50	-8.78312439006080E-03
43.52	-1.35124990616320E-03
43.54	1.07349298100743E-02
43.56	1.99684708355228E-02
43.58	1.86172209293596E-02
43.60	8.85819382929209E-03
43.62	-4.35402747541475E-03
43.64	-4.57923579310862E-03
43.66	-6.00555513850311E-04
43.68	-6.38090233465956E-03
43.70	1.87673598078222E-03
43.72	1.08850686885368E-02
43.74	-2.55236093386382E-03
43.76	-7.13159672697244E-03
43.78	-6.38090233465956E-03
43.80	-1.43382628931761E-02
43.82	-1.80166654155093E-03
43.84	1.14105547631559E-02
43.86	-3.00277756925155E-03
43.88	-7.95736055851662E-03
43.90	4.50416635387733E-03
43.92	4.27895803618346E-03
43.94	1.87673598078222E-03
43.96	7.88229111928533E-03
43.98	-3.00277756925155E-04
44.00	-1.08099992493056E-02
44.02	7.50694392312889E-04
44.04	9.75902710006756E-03
44.06	9.00833270775467E-03
44.08	1.15606936416184E-02
44.10	8.25763831544178E-04
44.12	-4.87951355003378E-03
44.14	1.36626379400945E-02
44.16	2.16950679378425E-02
44.18	1.22363185947000E-02
44.20	-4.50416635387733E-03
44.22	-1.68155543878087E-02
44.24	-4.57923579310862E-03
44.26	-4.20388859695218E-03
44.28	-1.95931236393664E-02
44.30	-5.02965242849635E-03
44.32	1.42631934539448E-03
44.34	-1.35124990616320E-02
44.36	-4.35402747541475E-03
44.38	2.62743037309511E-03
44.40	-3.97868027925831E-03
44.42	-5.25486074619022E-04
44.44	-6.15569401696569E-03
44.46	-1.62149988739584E-02
44.48	-1.20861797162375E-02
44.50	-4.27895803618346E-03
44.52	1.35124990616320E-03
44.54	-1.57645822385706E-03
44.56	-9.68395766083627E-03
44.58	-1.44133323324074E-02
44.60	-1.50889572854890E-02
44.62	-5.85541626004053E-03
44.64	1.20111102770062E-03
44.66	-3.75347196156444E-04
44.68	3.75347196156444E-04
44.70	-6.38090233465956E-03
44.72	-3.60333308310186E-03
44.74	2.16199984986112E-02
44.76	2.43975677501689E-02
44.78	7.80722168005405E-03
44.80	1.14105547631559E-02
44.82	1.57645822385706E-02
44.84	6.75624953081600E-04
44.86	-1.40379851362510E-02
44.88	-9.90916597853013E-03
44.90	7.20666616620373E-03
44.92	1.63651377524209E-02
44.94	1.25365963516252E-02
44.96	5.48006906388409E-03
44.98	5.93048569927182E-03
45.00	9.98423541776142E-03
45.02	-1.80166654155093E-03
45.04	-1.53892350424142E-02
45.06	-6.90638840927858E-03
45.08	7.28173560543502E-03
45.10	1.16357630808497E-02
45.12	1.20111102770062E-03
45.14	-1.73410404624277E-02
45.16	-1.55393739208768E-02
45.18	2.47729149463253E-03
45.20	1.12604158846933E-02
45.22	9.00833270775467E-03
45.24	3.82854140079573E-03
45.26	7.73215224082276E-03
45.28	1.26116657908565E-02
45.30	4.05374971848960E-03
45.32	1.87673598078222E-03
45.34	8.33270775467307E-03
45.36	2.55236093386382E-03
45.38	-8.70805495082951E-03
45.40	-6.68118009158471E-03
45.42	1.23864574731626E-02
45.44	1.89174986862848E-02
45.46	-3.52826364387058E-03
45.48	-1.77914570978154E-02
45.50	-1.53892350424142E-02
45.52	-9.75902710006756E-03
45.54	4.72937467157120E-03
45.56	7.43187448389760E-03
45.58	-3.00277756925155E-04
45.60	-4.80444411080249E-03
45.62	-2.18452068163050E-02
45.64	-2.13197207416860E-02
45.66	1.12604158846933E-03
45.68	-3.22798588694542E-03
45.70	-5.85541626004053E-03
45.72	7.05652728774116E-03
45.74	-7.50694392312889E-05
45.76	3.75347196156444E-04
45.78	8.18256887621049E-03
45.80	-2.92770813002026E-03
45.82	-3.75347196156444E-03
45.84	1.12604158846933E-03
45.86	-3.45319420463929E-03
45.88	-2.77756925155769E-03
45.90	-8.85819382929209E-03
45.92	-1.27618046693191E-02
45.94	-3.15291644771413E-03
45.96	-3.97868027925831E-03
45.98	-4.72937467157120E-03
46.00	-1.50138878462577E-04
46.02	-7.88229111928533E-03
46.04	-4.57923579310862E-03
46.06	1.24615269123939E-02
46.08	1.20861797162375E-02
46.10	8.25763831544178E-04
46.12	-1.35124990616320E-03
46.14	6.53104121312213E-03
46.16	6.08062457773440E-03
46.18	-9.15847158621725E-03
46.20	-8.33270775467307E-03
46.22	3.90361084002702E-03
46.24	-4.87951355003378E-03
46.26	-7.13159672697244E-03
46.28	1.05847909316117E-02
46.30	8.25763831544178E-03
46.32	-1.12604158846933E-03
46.34	9.00833270775467E-03
46.36	6.53104121312213E-03
46.38	-7.43187448389760E-03
46.40	2.55236093386382E-03
46.42	1.68906238270400E-02
46.44	1.14105547631559E-02
46.46	1.05097214923804E-03
46.48	-2.85263869078897E-03
46.50	5.40499962465280E-03
46.52	1.55393739208768E-02
46.54	5.85541626004053E-03
46.56	-8.33270775467307E-03
46.58	-6.45597177389084E-03
46.60	0.00000000000000E+00
46.62	2.02687485924480E-03
46.64	-2.25208317693866E-04
46.66	-2.25208317693866E-03
46.68	-2.02687485924480E-03
46.70	-8.70805495082951E-03
46.72	-1.30620824262442E-02
46.74	-5.48006906388409E-03
46.76	-3.97868027925831E-03
46.78	-9.83409653929885E-03
46.80	-5.78034682080924E-03
46.82	-7.50694392312889E-05
46.84	-6.45597177389084E-03
46.86	-4.57923579310862E-03
46.88	1.76413182193529E-02
46.90	1.96681930785977E-02
46.92	2.25208317693866E-03
46.94	1.35124990616320E-02
46.96	1.72659710231964E-02
46.98	-8.63298551159822E-03
47.00	-4.65430523233991E-03
47.02	7.28173560543502E-03
47.04	-4.65430523233991E-03
47.06	-3.45319420463929E-03
47.08	-5.10472186772764E-03
47.10	-4.12881915772089E-03
47.12	2.37219427970873E-02
47.14	1.99684708355228E-02
47.16	-2.10194429847609E-03
47.18	5.93048569927182E-03
47.20	-4.95458298926506E-03
47.22	-2.06440957886044E-02
47.24	-3.37812476540800E-03
47.26	-3.15291644771413E-03
47.28	-1.30620824262442E-02
47.30	-3.22798588694542E-03
47.32	2.25208317693866E-04
47.34	2.47729149463253E-03
47.36	7.58201336236018E-03
47.38	-1.72659710231964E-03
47.40	-1.03595826139178E-02
47.42	-1.14856242023872E-02
47.44	-9.60888822160498E-03
47.46	-2.02687485924480E-03
47.48	4.72937467157120E-03
47.50	8.18256887621049E-03
47.52	5.10472186772764E-03
47.54	-2.70249981232640E-03
47.56	-1.87673598078222E-03
47.58	3.82854140079573E-03
47.60	7.88229111928533E-03
47.62	6.08062457773440E-03
47.64	-6.45597177389084E-03
47.66	-7.80722168005405E-03
47.68	3.82854140079573E-03
47.70	5.25486074619022E-04
47.72	-3.60333308310186E-03
47.74	4.42909691464604E-03
47.76	5.55513850311538E-03
47.78	3.52826364387058E-03
47.80	1.57645822385706E-03
47.82	-1.07349298100743E-02
47.84	-1.39629156970197E-02
47.86	1.65152766308835E-03
47.88	4.57923579310862E-03
47.90	-7.95736055851662E-03
47.92	-2.55236093386382E-03
47.94	9.08340214698596E-03
47.96	-1.57645822385706E-03
47.98	-7.58201336236018E-03
48.00	5.17979130695893E-03
48.02	9.45874934314240E-03
48.04	6.23076345619698E-03
48.06	3.07784700848284E-03
48.08	-5.17979130695893E-03
48.10	-5.25486074619022E-03
48.12	3.30305532617671E-03
48.14	7.58201336236018E-03
48.16	1.05847909316117E-02
48.18	1.11102770062307E-02
48.20	6.90638840927858E-03
48.22	9.75902710006756E-04
48.24	-4.50416635387733E-03
48.26	-3.45319420463929E-03
48.28	-1.80166654155093E-03
48.30	-4.12881915772089E-03
48.32	-1.42631934539448E-03
48.34	-2.47729149463253E-03
48.36	-1.06598603708430E-02
48.38	-8.40777719390436E-03
48.40	3.75347196156444E-03
48.42	1.05847909316117E-02
48.44	3.07784700848284E-03
48.46	-8.03242999774791E-03
48.48	-4.12881915772089E-03
48.50	4.50416635387733E-04
48.52	-4.87951355003378E-03
48.54	-2.92770813002026E-03
48.56	-4.20388859695218E-03
48.58	-1.41130545754823E-02
48.60	-1.06598603708430E-02
48.62	-2.77756925155769E-03
48.64	-2.62743037309511E-03
48.66	-2.77756925155769E-03
48.68	-6.75624953081600E-03
48.70	-4.27895803618346E-03
48.72	8.25763831544178E-03
48.74	2.62743037309511E-03
48.76	-1.19360408377749E-02
48.78	-7.43187448389760E-03
48.80	-7.50694392312889E-05
48.82	-7.50694392312889E-04
48.84	-4.72937467157120E-03
48.86	-1.59147211170332E-02
48.88	-1.41881240147136E-02
48.90	2.70249981232640E-03
48.92	2.32715261616995E-03
48.94	-3.75347196156444E-04
48.96	1.13354853239246E-02
48.98	1.02094437354552E-02
49.00	8.03242999774791E-03
49.02	1.58396516778019E-02
49.04	5.55513850311538E-03
49.06	-4.80444411080249E-03
49.08	3.30305532617671E-03
49.10	5.25486074619022E-03
49.12	5.17979130695893E-03
49.14	1.03595826139178E-02
49.16	9.08340214698596E-03
49.18	3.30305532617671E-03
49.20	-5.40499962465280E-03
49.22	-5.93048569927182E-03
49.24	4.72937467157120E-03
49.26	4.72937467157120E-03
49.28	3.67840252233315E-03
49.30	1.24615269123939E-02
49.32	9.68395766083627E-03
49.34	2.70249981232640E-03
49.36	6.45597177389084E-03
49.38	1.13354853239246E-02
49.40	9.38367990391111E-03
49.42	-6.75624953081600E-04
49.44	-4.72937467157120E-03
49.46	-2.25208317693866E-04
49.48	-3.45319420463929E-03
49.50	-2.70249981232640E-03
49.52	2.25208317693866E-03
49.54	-3.07784700848284E-03
49.56	4.50416635387733E-04
49.58	7.43187448389760E-03
49.60	1.05097214923804E-03
49.62	2.55236093386382E-03
49.64	3.97868027925831E-03
49.66	-5.70527738157795E-03
49.68	-1.12604158846933E-03
49.70	6.15569401696569E-03
49.72	-2.25208317693866E-04
49.74	-5.25486074619022E-04
49.76	2.70249981232640E-03
49.78	-1.87673598078222E-03
49.80	-7.28173560543502E-03
49.82	-1.24615269123939E-02
49.84	-1.33623601831694E-02
49.86	-5.55513850311538E-03
49.88	-1.35124990616320E-03
49.90	-5.55513850311538E-03
49.92	-4.42909691464604E-03
49.94	3.30305532617671E-03
49.96	3.07784700848284E-03
49.98	-2.85263869078897E-03
50.00	-2.02687485924480E-03
50.02	6.00555513850311E-04
50.04	-1.72659710231964E-03
50.06	-7.80722168005405E-03
50.08	-1.31371518654755E-02
50.10	-8.93326326852338E-03
50.12	9.00833270775467E-04
50.14	3.00277756925155E-03
50.16	4.50416635387733E-04
50.18	-4.50416635387733E-04
50.20	-3.00277756925155E-03
50.22	-3.75347196156444E-03
50.24	-1.42631934539448E-03
50.26	-4.42909691464604E-03
50.28	-6.53104121312213E-03
50.30	9.75902710006756E-04
50.32	3.22798588694542E-03
50.34	-1.05097214923804E-03
50.36	5.40499962465280E-03
50.38	9.15847158621725E-03
50.40	3.75347196156444E-04
50.42	-7.50694392312889E-04
50.44	5.48006906388409E-03
50.46	1.03595826139178E-02
50.48	1.20861797162375E-02
50.50	3.22798588694542E-03
50.52	7.50694392312889E-05
50.54	6.23076345619698E-03
50.56	-1.57645822385706E-03
50.58	-5.10472186772764E-03
50.60	4.12881915772089E-03
50.62	6.75624953081600E-04
50.64	1.50138878462577E-03
50.66	7.28173560543502E-03
50.68	-5.10472186772764E-03
50.70	-5.32993018542151E-03
50.72	6.38090233465956E-03
50.74	-2.40222205540124E-03
50.76	-2.62743037309511E-03
50.78	9.23354102544854E-03
50.80	1.20111102770062E-03
50.82	-5.48006906388409E-03
50.84	4.50416635387733E-04
50.86	9.00833270775467E-04
50.88	8.25763831544178E-04
50.90	-1.12604158846933E-03
50.92	-3.07784700848284E-03
50.94	5.48006906388409E-03
50.96	6.15569401696569E-03
50.98	-2.92770813002026E-03
51.00	-7.50694392312889E-04
51.02	3.67840252233315E-03
51.04	1.80166654155093E-03
51.06	1.42631934539448E-03
51.08	-9.00833270775467E-04
51.10	-4.20388859695218E-03
51.12	-5.63020794234667E-03
51.14	-9.23354102544854E-03
51.16	-8.70805495082951E-03
51.18	-3.00277756925155E-04
51.20	4.50416635387733E-03
51.22	-2.25208317693866E-04
51.24	-4.87951355003378E-03
51.26	-1.42631934539448E-03
51.28	2.47729149463253E-03
51.30	-6.00555513850311E-04
51.32	-6.53104121312213E-03
51.34	-7.28173560543502E-03
51.36	4.72937467157120E-03
51.38	1.56144433601081E-02
51.40	6.30583289542827E-03
51.42	-2.40222205540124E-03
51.44	5.40499962465280E-03
51.46	1.08099992493056E-02
51.48	1.17859019593123E-02
51.50	7.65708280159147E-03
51.52	-5.55513850311538E-03
51.54	-5.10472186772764E-03
51.56	3.82854140079573E-03
51.58	-4.27895803618346E-03
51.60	-8.78312439006080E-03
51.62	6.00555513850311E-04
51.64	7.50694392312889E-05
51.66	-5.17979130695893E-03
51.68	-3.67840252233315E-03
51.70	-4.57923579310862E-03
51.72	-5.02965242849635E-03
51.74	-1.27618046693191E-03
51.76	-5.25486074619022E-04
51.78	0.00000000000000E+00
51.80	2.02687485924480E-03
51.82	-1.50138878462577E-03
51.84	-5.63020794234667E-03
51.86	-2.85263869078897E-03
51.88	1.12604158846933E-03
51.90	1.57645822385706E-03
51.92	-4.50416635387733E-04
51.94	-2.40222205540124E-03
51.96	-1.72659710231964E-03
51.98	7.50694392312889E-05
52.00	1.87673598078222E-03
52.02	2.62743037309511E-03
52.04	9.00833270775467E-04
52.06	3.45319420463929E-03
52.08	8.93326326852338E-03
52.10	7.73215224082276E-03
52.12	2.40222205540124E-03
52.14	-5.40499962465280E-03
52.16	-1.01343742962240E-02
52.18	-9.00833270775467E-04
52.20	6.23076345619698E-03
52.22	-6.75624953081600E-04
52.24	-4.50416635387733E-03
52.26	-2.85263869078897E-03
52.28	3.75347196156444E-04
52.30	4.95458298926506E-03
52.32	-6.75624953081600E-04
52.34	-7.05652728774116E-03
52.36	6.00555513850311E-04
52.38	5.63020794234667E-03
52.40	9.75902710006756E-04
52.42	3.75347196156444E-04
52.44	1.87673598078222E-03
52.46	-1.20111102770062E-03
52.48	-5.25486074619022E-04
52.50	4.20388859695218E-03
52.52	-4.50416635387733E-04
52.54	-6.15569401696569E-03
52.56	6.00555513850311E-04
52.58	2.32715261616995E-03
52.60	-5.17979130695893E-03
52.62	-4.20388859695218E-03
52.64	-1.12604158846933E-03
52.66	-3.97868027925831E-03
52.68	-5.85541626004053E-03
52.70	-6.45597177389084E-03
52.72	-5.25486074619022E-03
52.74	-3.22798588694542E-03
52.76	-1.27618046693191E-03
52.78	-6.75624953081600E-04
52.80	-6.60611065235342E-03
52.82	-6.68118009158471E-03
52.84	2.25208317693866E-03
52.86	1.87673598078222E-03
52.88	3.97868027925831E-03
52.90	1.19360408377749E-02
52.92	3.60333308310186E-03
52.94	-1.57645822385706E-03
52.96	6.23076345619698E-03
52.98	9.00833270775467E-04
53.00	-1.95180542001351E-03
53.02	9.45874934314240E-03
53.04	6.75624953081600E-03
53.06	-4.27895803618346E-03
53.08	1.50138878462577E-04
53.10	8.33270775467307E-03
53.12	4.95458298926506E-03
53.14	-3.22798588694542E-03
53.16	-4.87951355003378E-03
53.18	-1.42631934539448E-03
53.20	-1.50138878462577E-04
53.22	-3.00277756925155E-04
53.24	1.80166654155093E-03
53.26	5.25486074619022E-03
53.28	5.48006906388409E-03
53.30	1.72659710231964E-03
53.32	7.50694392312889E-05
53.34	-1.57645822385706E-03
53.36	-6.15569401696569E-03
53.38	-4.27895803618346E-03
53.40	1.50138878462577E-03
53.42	6.00555513850311E-04
53.44	-1.72659710231964E-03
53.46	-7.50694392312889E-04
53.48	2.62743037309511E-03
53.50	9.30861046467982E-03
53.52	9.38367990391111E-03
53.54	-2.40222205540124E-03
53.56	-8.70805495082951E-03
53.58	-9.00833270775467E-04
53.60	5.78034682080924E-03
53.62	3.52826364387058E-03
53.64	7.50694392312889E-04
53.66	-1.50138878462577E-04
53.68	-2.17701373770737E-03
53.70	-3.67840252233315E-03
53.72	-4.05374971848960E-03
53.74	-3.22798588694542E-03
53.76	-2.40222205540124E-03
53.78	-4.27895803618346E-03
53.80	-3.37812476540800E-03
53.82	2.32715261616995E-03
53.84	2.55236093386382E-03
53.86	-2.55236093386382E-03
53.88	-4.87951355003378E-03
53.90	-7.58201336236018E-03
53.92	-8.85819382929209E-03
53.94	-3.90361084002702E-03
53.96	-3.00277756925155E-04
53.98	2.25208317693866E-04
54.00	3.97868027925831E-03
54.02	6.53104121312213E-03
54.04	3.00277756925155E-03
54.06	-9.75902710006756E-04
54.08	-1.87673598078222E-03
54.10	-1.27618046693191E-03
54.12	6.00555513850311E-04
54.14	1.57645822385706E-03
54.16	-1.50138878462577E-04
54.18	-1.27618046693191E-03
54.20	7.50694392312889E-05
54.22	2.02687485924480E-03
54.24	3.67840252233315E-03
54.26	2.47729149463253E-03
54.28	-1.87673598078222E-03
54.30	-5.02965242849635E-03
54.32	-4.35402747541475E-03
54.34	7.50694392312889E-05
54.36	4.87951355003378E-03
54.38	3.90361084002702E-03
54.40	3.00277756925155E-04
54.42	1.12604158846933E-03
54.44	1.80166654155093E-03
54.46	-3.00277756925155E-04
54.48	3.75347196156444E-04
54.50	1.57645822385706E-03
54.52	2.25208317693866E-04
54.54	1.72659710231964E-03
54.56	5.32993018542151E-03
54.58	3.45319420463929E-03
54.60	-1.27618046693191E-03
54.62	-3.22798588694542E-03
54.64	-4.12881915772089E-03
54.66	-2.25208317693866E-04
54.68	7.88229111928533E-03
54.70	5.40499962465280E-03
54.72	-2.55236093386382E-03
54.74	1.57645822385706E-03
54.76	6.75624953081600E-03
54.78	2.62743037309511E-03
54.80	-1.05097214923804E-03
54.82	-3.30305532617671E-03
54.84	-2.17701373770737E-03
54.86	5.63020794234667E-03
54.88	5.78034682080924E-03
54.90	-3.52826364387058E-03
54.92	-8.85819382929209E-03
54.94	-8.70805495082951E-03
54.96	-4.87951355003378E-03
54.98	-3.60333308310186E-03
55.00	-9.23354102544854E-03
55.02	-8.18256887621049E-03
55.04	-1.05097214923804E-03
55.06	-1.35124990616320E-03
55.08	-3.75347196156444E-04
55.10	5.02965242849635E-03
55.12	5.40499962465280E-03
55.14	5.02965242849635E-03
55.16	6.00555513850311E-03
55.18	4.95458298926506E-03
55.20	5.25486074619022E-03
55.22	5.93048569927182E-03
55.24	3.90361084002702E-03
55.26	3.75347196156444E-04
55.28	-1.27618046693191E-03
55.30	1.80166654155093E-03
55.32	4.20388859695218E-03
55.34	5.02965242849635E-03
55.36	6.45597177389084E-03
55.38	-1.05097214923804E-03
55.40	-9.60888822160498E-03
55.42	-3.90361084002702E-03
55.44	4.50416635387733E-04
55.46	-2.32715261616995E-03
55.48	1.12604158846933E-03
55.50	3.15291644771413E-03
55.52	-1.87673598078222E-03
55.54	-4.27895803618346E-03
55.56	-3.45319420463929E-03
55.58	-1.95180542001351E-03
55.60	-1.57645822385706E-03
55.62	-1.05097214923804E-03
55.64	2.85263869078897E-03
55.66	2.10194429847609E-03
55.68	-2.40222205540124E-03
55.70	6.75624953081600E-04
55.72	2.25208317693866E-03
55.74	-1.80166654155093E-03
55.76	-6.75624953081600E-04
55.78	-3.00277756925155E-04
55.80	-6.23076345619698E-03
55.82	-8.03242999774791E-03
55.84	-3.67840252233315E-03
55.86	-1.35124990616320E-03
55.88	-4.20388859695218E-03
55.90	-5.78034682080924E-03
55.92	-1.87673598078222E-03
55.94	-5.25486074619022E-04
55.96	-2.85263869078897E-03
55.98	-3.75347196156444E-04
56.00	3.15291644771413E-03
56.02	2.25208317693866E-03
56.04	2.25208317693866E-03
56.06	3.97868027925831E-03
56.08	2.32715261616995E-03
56.10	-1.50138878462577E-04
56.12	-6.75624953081600E-04
56.14	-2.32715261616995E-03
56.16	-2.62743037309511E-03
56.18	1.72659710231964E-03
56.20	3.67840252233315E-03
56.22	2.17701373770737E-03
56.24	2.85263869078897E-03
56.26	3.75347196156444E-04
56.28	-4.57923579310862E-03
56.30	-1.87673598078222E-03
56.32	5.32993018542151E-03
56.34	9.15847158621725E-03
56.36	6.23076345619698E-03
56.38	-1.05097214923804E-03
56.40	-1.20111102770062E-03
56.42	3.67840252233315E-03
56.44	2.70249981232640E-03
56.46	3.97868027925831E-03
56.48	7.43187448389760E-03
56.50	2.17701373770737E-03
56.52	7.50694392312889E-05
56.54	4.95458298926506E-03
56.56	1.42631934539448E-03
56.58	-3.75347196156444E-03
56.60	-3.75347196156444E-04
56.62	-7.50694392312889E-05
56.64	-5.48006906388409E-03
56.66	-6.23076345619698E-03
56.68	-2.70249981232640E-03
56.70	-1.12604158846933E-03
56.72	-2.02687485924480E-03
56.74	-2.17701373770737E-03
56.76	1.50138878462577E-04
56.78	1.50138878462577E-03
56.80	-1.12604158846933E-03
56.82	-3.45319420463929E-03
56.84	-2.47729149463253E-03
56.86	-9.75902710006756E-04
56.88	-2.25208317693866E-04
56.90	-5.25486074619022E-04
56.92	-1.57645822385706E-03
56.94	6.75624953081600E-04
56.96	3.52826364387058E-03
56.98	1.35124990616320E-03
57.00	-1.72659710231964E-03
57.02	-3.82854140079573E-03
57.04	-5.17979130695893E-03
57.06	-1.20111102770062E-03
57.08	2.02687485924480E-03
57.10	-7.50694392312889E-05
57.12	1.35124990616320E-03
57.14	2.55236093386382E-03
57.16	-9.75902710006756E-04
57.18	2.40222205540124E-03
57.20	7.65708280159147E-03
57.22	2.62743037309511E-03
57.24	-2.02687485924480E-03
57.26	-1.87673598078222E-03
57.28	-4.05374971848960E-03
57.30	-3.90361084002702E-03
57.32	-1.35124990616320E-03
57.34	-1.35124990616320E-03
57.36	2.10194429847609E-03
57.38	8.03242999774791E-03
57.40	5.93048569927182E-03
57.42	-2.17701373770737E-03
57.44	-4.87951355003378E-03
57.46	-2.25208317693866E-04
57.48	2.85263869078897E-03
57.50	-2.25208317693866E-04
57.52	-4.05374971848960E-03
57.54	-5.25486074619022E-03
57.56	-3.97868027925831E-03
57.58	3.00277756925155E-04
57.60	2.70249981232640E-03
57.62	8.25763831544178E-04
57.64	2.25208317693866E-04
57.66	-9.75902710006756E-04
57.68	-6.53104121312213E-03
57.70	-7.28173560543502E-03
57.72	-1.65152766308835E-03
57.74	1.80166654155093E-03
57.76	5.78034682080924E-03
57.78	9.00833270775467E-03
57.80	3.00277756925155E-03
57.82	-1.42631934539448E-03
57.84	3.82854140079573E-03
57.86	6.23076345619698E-03
57.88	3.07784700848284E-03
57.90	6.00555513850311E-04
57.92	-1.05097214923804E-03
57.94	1.42631934539448E-03
57.96	5.93048569927182E-03
57.98	3.52826364387058E-03
58.00	-1.20111102770062E-03
58.02	-7.50694392312889E-04
58.04	-6.00555513850311E-04
58.06	-4.20388859695218E-03
58.08	-4.87951355003378E-03
58.10	-2.70249981232640E-03
58.12	-4.65430523233991E-03
58.14	-6.75624953081600E-03
58.16	-3.22798588694542E-03
58.18	-4.50416635387733E-04
58.20	-1.50138878462577E-04
58.22	1.12604158846933E-03
58.24	5.25486074619022E-04
58.26	-1.20111102770062E-03
58.28	-2.62743037309511E-03
58.30	-6.30583289542827E-03
58.32	-8.25763831544178E-03
58.34	-3.37812476540800E-03
58.36	4.87951355003378E-03
58.38	1.05847909316117E-02
58.40	9.00833270775467E-03
58.42	1.80166654155093E-03
58.44	-1.57645822385706E-03
58.46	2.17701373770737E-03
58.48	3.00277756925155E-03
58.50	-2.40222205540124E-03
58.52	-2.32715261616995E-03
58.54	3.97868027925831E-03
58.56	5.85541626004053E-03
58.58	2.40222205540124E-03
58.60	-1.72659710231964E-03
58.62	-1.57645822385706E-03
58.64	3.07784700848284E-03
58.66	2.77756925155769E-03
58.68	-1.87673598078222E-03
58.70	-2.70249981232640E-03
58.72	-1.80166654155093E-03
58.74	-1.87673598078222E-03
58.76	-3.15291644771413E-03
58.78	-2.55236093386382E-03
58.80	2.25208317693866E-03
58.82	1.35124990616320E-03
58.84	-2.70249981232640E-03
58.86	-6.00555513850311E-04
58.88	-2.40222205540124E-03
58.90	-4.27895803618346E-03
58.92	3.90361084002702E-03
58.94	6.00555513850311E-03
58.96	2.32715261616995E-03
58.98	3.00277756925155E-03
59.00	-8.25763831544178E-04
59.02	-3.37812476540800E-03
59.04	0.00000000000000E+00
59.06	-4.57923579310862E-03
59.08	-9.45874934314240E-03
59.10	-1.27618046693191E-03
59.12	8.10749943697920E-03
59.14	6.45597177389084E-03
59.16	-7.50694392312889E-04
59.18	-1.87673598078222E-03
59.20	2.25208317693866E-04
59.22	-1.72659710231964E-03
59.24	7.50694392312889E-05
59.26	4.42909691464604E-03
59.28	6.75624953081600E-04
59.30	-1.87673598078222E-03
59.32	2.40222205540124E-03
59.34	1.87673598078222E-03
59.36	0.00000000000000E+00
59.38	1.95180542001351E-03
59.40	-1.50138878462577E-03
59.42	-6.53104121312213E-03
59.44	-4.27895803618346E-03
59.46	-3.60333308310186E-03
59.48	-5.17979130695893E-03
59.50	-3.00277756925155E-04
59.52	1.87673598078222E-03
59.54	-3.00277756925155E-03
59.56	-2.55236093386382E-03
59.58	3.45319420463929E-03
59.60	5.55513850311538E-03
59.62	2.17701373770737E-03
59.64	-2.02687485924480E-03
59.66	-3.00277756925155E-04
59.68	3.15291644771413E-03
59.70	5.25486074619022E-04
59.72	-1.87673598078222E-03
59.74	1.35124990616320E-03
59.76	5.17979130695893E-03
59.78	4.72937467157120E-03
59.80	1.12604158846933E-03
59.82	-1.05097214923804E-03
59.84	-3.00277756925155E-03
59.86	-4.20388859695218E-03
59.88	1.05097214923804E-03
59.90	4.87951355003378E-03
59.92	2.70249981232640E-03
59.94	2.10194429847609E-03
59.96	-6.75624953081600E-04
59.98	-3.90361084002702E-03
60.00	-3.75347196156444E-04
60.02	4.50416635387733E-04
60.04	-1.35124990616320E-03
60.06	7.50694392312889E-05
60.08	-2.55236093386382E-03
60.10	-5.10472186772764E-03
60.12	-3.07784700848284E-03
60.14	-2.85263869078897E-03
60.16	6.00555513850311E-04
60.18	4.50416635387733E-03
60.20	5.25486074619022E-04
60.22	-2.02687485924480E-03
60.24	-6.75624953081600E-04
60.26	-9.00833270775467E-04
60.28	6.75624953081600E-04
60.30	2.32715261616995E-03
60.32	1.20111102770062E-03
60.34	9.00833270775467E-04
60.36	3.45319420463929E-03
60.38	6.60611065235342E-03
60.40	4.72937467157120E-03
60.42	-1.42631934539448E-03
60.44	-4.72937467157120E-03
60.46	-3.22798588694542E-03
60.48	1.57645822385706E-03
60.50	3.52826364387058E-03
60.52	-9.00833270775467E-04
60.54	-1.05097214923804E-03
60.56	3.67840252233315E-03
60.58	2.85263869078897E-03
60.60	2.25208317693866E-04
60.62	9.75902710006756E-04
60.64	6.75624953081600E-04
60.66	-3.00277756925155E-03
60.68	-6.60611065235342E-03
60.70	-3.00277756925155E-03
60.72	3.30305532617671E-03
60.74	6.75624953081600E-04
60.76	-4.05374971848960E-03
60.78	-2.32715261616995E-03
60.80	1.05097214923804E-03
60.82	1.87673598078222E-03
60.84	-1.57645822385706E-03
60.86	-4.42909691464604E-03
60.88	-8.25763831544178E-04
60.90	1.57645822385706E-03
60.92	-1.72659710231964E-03
60.94	-2.70249981232640E-03
60.96	5.25486074619022E-04
60.98	2.40222205540124E-03
61.00	9.75902710006756E-04
61.02	-6.00555513850311E-04
61.04	7.50694392312889E-05
61.06	3.00277756925155E-04
61.08	-3.00277756925155E-04
61.10	1.50138878462577E-04
61.12	7.50694392312889E-05
61.14	-2.25208317693866E-04
61.16	2.25208317693866E-04
61.18	-7.50694392312889E-05
61.20	-7.50694392312889E-05
61.22	1.50138878462577E-04
61.24	-1.50138878462577E-04
61.26	0.00000000000000E+00
61.28	7.50694392312889E-05
61.30	-1.50138878462577E-04
61.32	7.50694392312889E-05
61.34	0.00000000000000E+00
61.36	-7.50694392312889E-05
61.38	7.50694392312889E-05
61.40	-7.50694392312889E-05
61.42	0.00000000000000E+00
61.44	7.50694392312889E-05
61.46	-7.50694392312889E-05
61.48	7.50694392312889E-05
61.50	0.00000000000000E+00
61.52	-7.50694392312889E-05
61.54	7.50694392312889E-05
61.56	0.00000000000000E+00
61.58	0.00000000000000E+00
61.60	7.50694392312889E-05
61.62	-7.50694392312889E-05
61.64	0.00000000000000E+00
61.66	0.00000000000000E+00
61.68	0.00000000000000E+00
61.70	0.00000000000000E+00
61.72	0.00000000000000E+00
61.74	0.00000000000000E+00
61.76	0.00000000000000E+00
61.78	0.00000000000000E+00
61.80	0.00000000000000E+00
61.82	0.00000000000000E+00
61.84	0.00000000000000E+00
61.86	0.00000000000000E+00
61.88	0.00000000000000E+00
61.90	0.00000000000000E+00
61.92	0.00000000000000E+00
61.94	0.00000000000000E+00
61.96	0.00000000000000E+00
61.98	0.00000000000000E+00
62.00	0.00000000000000E+00
62.02	0.00000000000000E+00
62.04	0.00000000000000E+00
62.06	0.00000000000000E+00
62.08	0.00000000000000E+00
62.10	0.00000000000000E+00
62.12	0.00000000000000E+00
62.14	0.00000000000000E+00
62.16	0.00000000000000E+00
62.18	0.00000000000000E+00
62.20	0.00000000000000E+00
62.22	0.00000000000000E+00
62.24	0.00000000000000E+00
62.26	0.00000000000000E+00
62.28	0.00000000000000E+00
62.30	0.00000000000000E+00
62.32	0.00000000000000E+00
62.34	0.00000000000000E+00
62.36	0.00000000000000E+00
62.38	0.00000000000000E+00
62.40	0.00000000000000E+00
62.42	0.00000000000000E+00
62.44	0.00000000000000E+00
62.46	0.00000000000000E+00
62.48	0.00000000000000E+00
62.50	0.00000000000000E+00
62.52	0.00000000000000E+00
62.54	0.00000000000000E+00
62.56	0.00000000000000E+00
62.58	0.00000000000000E+00
62.60	0.00000000000000E+00
62.62	0.00000000000000E+00
62.64	0.00000000000000E+00
62.66	0.00000000000000E+00
62.68	0.00000000000000E+00
62.70	0.00000000000000E+00
62.72	0.00000000000000E+00
62.74	0.00000000000000E+00
62.76	0.00000000000000E+00
62.78	0.00000000000000E+00
62.80	0.00000000000000E+00
62.82	0.00000000000000E+00
62.84	0.00000000000000E+00
62.86	0.00000000000000E+00
62.88	0.00000000000000E+00
62.90	0.00000000000000E+00
62.92	0.00000000000000E+00
62.94	0.00000000000000E+00
62.96	0.00000000000000E+00
62.98	0.00000000000000E+00
63.00	0.00000000000000E+00
63.02	0.00000000000000E+00
63.04	0.00000000000000E+00
63.06	0.00000000000000E+00
63.08	0.00000000000000E+00
63.10	0.00000000000000E+00
63.12	0.00000000000000E+00
63.14	0.00000000000000E+00
63.16	0.00000000000000E+00
63.18	0.00000000000000E+00
63.20	0.00000000000000E+00
63.22	0.00000000000000E+00
63.24	0.00000000000000E+00
63.26	0.00000000000000E+00
63.28	0.00000000000000E+00
63.30	0.00000000000000E+00
63.32	0.00000000000000E+00
63.34	0.00000000000000E+00
63.36	0.00000000000000E+00
63.38	0.00000000000000E+00
63.40	0.00000000000000E+00
63.42	0.00000000000000E+00
63.44	0.00000000000000E+00
63.46	0.00000000000000E+00
63.48	0.00000000000000E+00
63.50	0.00000000000000E+00
63.52	0.00000000000000E+00
63.54	0.00000000000000E+00
63.56	0.00000000000000E+00
63.58	0.00000000000000E+00
63.60	0.00000000000000E+00
63.62	0.00000000000000E+00
63.64	0.00000000000000E+00
63.66	0.00000000000000E+00
63.68	0.00000000000000E+00
63.70	0.00000000000000E+00
63.72	0.00000000000000E+00
63.74	0.00000000000000E+00
63.76	0.00000000000000E+00
63.78	0.00000000000000E+00
63.80	0.00000000000000E+00
63.82	0.00000000000000E+00
63.84	0.00000000000000E+00
63.86	0.00000000000000E+00
63.88	0.00000000000000E+00
63.90	0.00000000000000E+00
63.92	0.00000000000000E+00
63.94	0.00000000000000E+00
63.96	0.00000000000000E+00
63.98	0.00000000000000E+00
64.00	0.00000000000000E+00
64.02	0.00000000000000E+00
64.04	0.00000000000000E+00
64.06	0.00000000000000E+00
64.08	0.00000000000000E+00
64.10	0.00000000000000E+00
64.12	0.00000000000000E+00
64.14	0.00000000000000E+00
64.16	0.00000000000000E+00
64.18	0.00000000000000E+00
64.20	0.00000000000000E+00
64.22	0.00000000000000E+00
64.24	0.00000000000000E+00
64.26	0.00000000000000E+00
64.28	0.00000000000000E+00
64.30	0.00000000000000E+00
64.32	0.00000000000000E+00
64.34	0.00000000000000E+00
64.36	0.00000000000000E+00
64.38	0.00000000000000E+00
64.40	0.00000000000000E+00
64.42	0.00000000000000E+00
64.44	0.00000000000000E+00
64.46	0.00000000000000E+00
64.48	0.00000000000000E+00
64.50	0.00000000000000E+00
64.52	0.00000000000000E+00
64.54	0.00000000000000E+00
64.56	0.00000000000000E+00
64.58	0.00000000000000E+00
64.60	0.00000000000000E+00
64.62	0.00000000000000E+00
64.64	0.00000000000000E+00
64.66	0.00000000000000E+00
64.68	0.00000000000000E+00
64.70	0.00000000000000E+00
64.72	0.00000000000000E+00
64.74	0.00000000000000E+00
64.76	0.00000000000000E+00
64.78	0.00000000000000E+00
64.80	0.00000000000000E+00
64.82	0.00000000000000E+00
64.84	0.00000000000000E+00
64.86	0.00000000000000E+00
64.88	0.00000000000000E+00
64.90	0.00000000000000E+00
64.92	0.00000000000000E+00
64.94	0.00000000000000E+00
64.96	0.00000000000000E+00
64.98	0.00000000000000E+00
65.00	0.00000000000000E+00
65.02	0.00000000000000E+00
65.04	0.00000000000000E+00
65.06	0.00000000000000E+00
65.08	0.00000000000000E+00
65.10	0.00000000000000E+00
65.12	0.00000000000000E+00
65.14	0.00000000000000E+00
65.16	0.00000000000000E+00
65.18	0.00000000000000E+00
65.20	0.00000000000000E+00
65.22	0.00000000000000E+00
65.24	0.00000000000000E+00
65.26	0.00000000000000E+00
65.28	0.00000000000000E+00
65.30	0.00000000000000E+00
65.32	0.00000000000000E+00
65.34	0.00000000000000E+00
65.36	0.00000000000000E+00
65.38	0.00000000000000E+00
65.40	0.00000000000000E+00
65.42	0.00000000000000E+00
65.44	0.00000000000000E+00
65.46	0.00000000000000E+00
65.48	0.00000000000000E+00
65.50	0.00000000000000E+00
65.52	0.00000000000000E+00
65.54	0.00000000000000E+00
65.56	0.00000000000000E+00
65.58	0.00000000000000E+00
65.60	0.00000000000000E+00
65.62	0.00000000000000E+00
65.64	0.00000000000000E+00
65.66	0.00000000000000E+00
65.68	0.00000000000000E+00
65.70	0.00000000000000E+00
65.72	0.00000000000000E+00
65.74	0.00000000000000E+00
65.76	0.00000000000000E+00
65.78	0.00000000000000E+00
65.80	0.00000000000000E+00
65.82	0.00000000000000E+00
65.84	0.00000000000000E+00
65.86	0.00000000000000E+00
65.88	0.00000000000000E+00
65.90	0.00000000000000E+00
65.92	0.00000000000000E+00
65.94	0.00000000000000E+00
65.96	0.00000000000000E+00
65.98	0.00000000000000E+00